3 0.05078125 0.58515625 0.04375 0.06484375
3 0.090625 0.596875 0.0234375 0.04375
3 0.98203125 0.62109375 0.0328125 0.0515625
3 0.14921875 0.6 0.02109375 0.0234375
3 0.15390625 0.62265625 0.01953125 0.02890625
3 0.2265625 0.5859375 0.0578125 0.071875
3 0.27421875 0.59296875 0.03359375 0.053125
3 0.31328125 0.60390625 0.05546875 0.05234375
3 0.35859375 0.596875 0.0359375 0.05859375
3 0.41328125 0.58671875 0.07265625 0.096875
3 0.546875 0.61953125 0.04765625 0.025
3 0.65703125 0.59453125 0.06015625 0.096875
3 0.7171875 0.61484375 0.053125 0.04921875
3 0.78203125 0.61015625 0.0578125 0.0625
3 0.85625 0.5953125 0.0625 0.1125
3 0.90546875 0.65078125 0.1671875 0.12421875
3 0.9828125 0.71484375 0.03125 0.0890625
1 0.21875 0.66953125 0.01328125 0.01796875
3 0.12109375 0.70625 0.1765625 0.1359375