3 0.090625 0.47265625 0.18125 0.1859375
3 0.18984375 0.521875 0.06875 0.0375
3 0.259375 0.53046875 0.05625 0.02109375
3 0.3203125 0.5234375 0.05546875 0.03203125
3 0.37265625 0.53125 0.040625 0.01953125
3 0.41875 0.5203125 0.05625 0.03359375
3 0.48046875 0.521875 0.07421875 0.02890625
3 0.53828125 0.5234375 0.0265625 0.0375
3 0.58828125 0.51640625 0.065625 0.04375
3 0.68515625 0.5203125 0.0734375 0.03359375
3 0.83125 0.53046875 0.03125 0.0359375
3 0.9375 0.5234375 0.021875 0.03203125
3 0.9859375 0.5203125 0.0265625 0.04375