3 0.0484375 0.58515625 0.04375 0.06484375
3 0.090625 0.596875 0.0234375 0.04375
3 0.98203125 0.62734375 0.034375 0.046875
3 0.14765625 0.6 0.02265625 0.0234375
3 0.14453125 0.62265625 0.0171875 0.02890625
3 0.225 0.5875 0.05859375 0.06953125
3 0.27734375 0.59296875 0.0375 0.053125
3 0.31328125 0.603125 0.05546875 0.0453125
3 0.35859375 0.596875 0.0359375 0.05859375
3 0.41328125 0.58671875 0.07265625 0.096875
3 0.5390625 0.62421875 0.0453125 0.025
3 0.65546875 0.59921875 0.059375 0.09453125
3 0.71484375 0.61796875 0.053125 0.04921875
3 0.78046875 0.6109375 0.0578125 0.0640625
3 0.85546875 0.6 0.06171875 0.1140625
3 0.89375 0.659375 0.15 0.115625
3 0.9828125 0.7203125 0.03125 0.1
1 0.2171875 0.6703125 0.0140625 0.0171875
3 0.2984375 0.72578125 0.196875 0.15