3 0.88828125 0.4453125 0.10859375 0.04453125
3 0.7140625 0.4375 0.2265625 0.05234375
3 0.89765625 0.4359375 0.16640625 0.05234375
3 0.7546875 0.434375 0.075 0.1078125
3 0.5296875 0.44296875 0.11875 0.05390625
3 0.42578125 0.4359375 0.096875 0.0578125
3 0.321875 0.44375 0.0734375 0.04765625
3 0.071875 0.4359375 0.14296875 0.065625
3 0.11796875 0.440625 0.1015625 0.03828125
3 0.0171875 0.43515625 0.03359375 0.03203125
3 0.33984375 0.46953125 0.08671875 0.04765625
2 0.18515625 0.5 0.04140625 0.01640625
2 0.26875 0.50078125 0.02265625 0.0203125
2 0.11328125 0.49765625 0.0421875 0.01953125
2 0.00859375 0.49921875 0.015625 0.01796875
2 0.07265625 0.49921875 0.01875 0.01640625
2 0.090625 0.49921875 0.01640625 0.01640625
2 0.453125 0.46875 0.03046875 0.01796875