3 0.08984375 0.596875 0.021875 0.04375
3 0.98203125 0.62734375 0.034375 0.046875
3 0.14765625 0.6015625 0.021875 0.02578125
3 0.12421875 0.6203125 0.0171875 0.028125
3 0.22578125 0.5875 0.05625 0.06953125
3 0.278125 0.59296875 0.0390625 0.053125
3 0.31328125 0.603125 0.05546875 0.04453125
3 0.3578125 0.596875 0.0375 0.05859375
3 0.41171875 0.58828125 0.07265625 0.09921875
3 0.52890625 0.62421875 0.0453125 0.02421875
3 0.65546875 0.59921875 0.059375 0.09453125
3 0.71484375 0.61796875 0.053125 0.04921875
3 0.78046875 0.6109375 0.0578125 0.0640625
3 0.85546875 0.6 0.06171875 0.1140625
3 0.8921875 0.659375 0.153125 0.115625
3 0.98203125 0.7203125 0.0328125 0.1
1 0.2171875 0.671875 0.01328125 0.0171875
3 0.72578125 0.7796875 0.28046875 0.13984375