3 0.0890625 0.596875 0.0203125 0.04375
3 0.98203125 0.62734375 0.034375 0.046875
3 0.146875 0.60078125 0.02109375 0.02578125
3 0.10859375 0.6203125 0.0171875 0.0265625
3 0.22578125 0.5875 0.05625 0.06953125
3 0.28203125 0.59765625 0.0328125 0.04375
3 0.31328125 0.603125 0.05546875 0.04453125
3 0.3578125 0.596875 0.0375 0.05859375
3 0.41171875 0.58828125 0.07265625 0.09921875
3 0.52265625 0.62421875 0.0453125 0.02421875
3 0.65546875 0.59921875 0.059375 0.09453125
3 0.7140625 0.61875 0.053125 0.046875
3 0.78046875 0.6109375 0.0578125 0.0640625
3 0.8546875 0.6 0.06328125 0.1140625
3 0.88984375 0.6609375 0.15234375 0.115625
3 0.98046875 0.7203125 0.0359375 0.096875
1 0.2171875 0.671875 0.0140625 0.0171875
3 0.95625 0.83828125 0.08671875 0.071875