3 0.71953125 0.61875 0.38046875 0.1578125
3 0.0359375 0.49375 0.071875 0.06484375
3 0.08984375 0.50703125 0.0453125 0.0390625
3 0.20546875 0.52578125 0.0359375 0.0171875
3 0.26015625 0.50625 0.0734375 0.0671875
3 0.3609375 0.51796875 0.08359375 0.05078125
3 0.459375 0.5234375 0.11875 0.05234375
3 0.709375 0.51796875 0.27578125 0.090625
3 0.7015625 0.53984375 0.07578125 0.08046875
3 0.8296875 0.54765625 0.1125 0.04453125
3 0.9203125 0.54921875 0.065625 0.04140625
3 0.97578125 0.54453125 0.04765625 0.07421875