3 0.01171875 0.4234375 0.0234375 0.04375
3 0.040625 0.4203125 0.05546875 0.05703125
3 0.07421875 0.43359375 0.0140625 0.03046875
3 0.09296875 0.4296875 0.01875 0.0359375
3 0.15546875 0.41796875 0.0875 0.034375
3 0.29140625 0.403125 0.209375 0.07734375
3 0.39140625 0.43125 0.028125 0.02890625
3 0.58984375 0.41640625 0.0890625 0.046875
3 0.63828125 0.4328125 0.01796875 0.01640625
3 0.73046875 0.43125 0.03046875 0.02265625
3 0.7671875 0.4265625 0.02578125 0.03359375
3 0.93671875 0.42421875 0.0234375 0.03203125