1 0.33984375 0.3125 0.0265625 0.2109375
1 0.16484375 0.35390625 0.0265625 0.13359375
1 0.6890625 0.3890625 0.03828125 0.01953125
1 0.74375 0.38984375 0.04140625 0.01796875
1 0.50390625 0.4 0.0703125 0.03046875
1 0.303125 0.31875 0.0375 0.1984375
1 0.2703125 0.328125 0.02578125 0.18359375
1 0.1328125 0.34921875 0.02890625 0.1515625
1 0.196875 0.3453125 0.02109375 0.1515625
1 0.55234375 0.38203125 0.040625 0.04140625
1 0.246875 0.33125 0.021875 0.18203125
1 0.221875 0.3234375 0.028125 0.1890625
1 0.0328125 0.3328125 0.02890625 0.265625
1 0.4234375 0.265625 0.0375 0.296875