1 0.4875 0.3515625 0.01484375 0.0140625
1 0.19296875 0.21484375 0.0734375 0.42890625
1 0.57578125 0.29453125 0.0296875 0.103125
1 0.91484375 0.3890625 0.165625 0.05859375
1 0.3796875 0.3578125 0.0421875 0.0515625
1 0.3109375 0.3015625 0.0390625 0.1890625
1 0.34140625 0.375 0.03125 0.0359375
1 0.74296875 0.28125 0.0515625 0.26796875
1 0.26171875 0.3609375 0.05625 0.09453125
1 0.9234375 0.240625 0.14140625 0.428125
1 0.35625 0.29609375 0.0234375 0.18359375
1 0.0296875 0.41328125 0.059375 0.1078125