1 0.446875 0.3484375 0.02734375 0.05859375
1 0.85 0.23046875 0.115625 0.45546875
1 0.67734375 0.290625 0.04375 0.11796875
1 0.9109375 0.27109375 0.14453125 0.4609375
1 0.7390625 0.26328125 0.075 0.284375
1 0.021875 0.52421875 0.04296875 0.09609375
1 0.365625 0.38203125 0.01796875 0.021875
1 0.3859375 0.37578125 0.0234375 0.034375
1 0.30625 0.38984375 0.03359375 0.034375
1 0.9484375 0.253125 0.08828125 0.4859375
1 0.340625 0.428125 0.03984375 0.05859375
1 0.80625 0.23359375 0.11875 0.36640625
1 0.09375 0.37890625 0.13046875 0.16953125