1 0.65 0.37578125 0.03671875 0.06796875
1 0.47421875 0.371875 0.0109375 0.01796875
1 0.46015625 0.37109375 0.0140625 0.01953125
1 0.3703125 0.3625 0.02890625 0.053125
1 0.21796875 0.3515625 0.0953125 0.14140625
1 0.78671875 0.390625 0.06875 0.14453125
1 0.6078125 0.37265625 0.025 0.034375
1 0.41796875 0.37734375 0.0125 0.01796875
1 0.909375 0.39453125 0.16015625 0.2609375
1 0.06328125 0.4109375 0.1046875 0.078125
1 0.2875 0.378125 0.046875 0.04609375
1 0.7171875 0.39609375 0.0609375 0.05
1 0.675 0.3875 0.01640625 0.04453125