1 0.5734375 0.32578125 0.0484375 0.10703125
1 0.32734375 0.37421875 0.040625 0.07109375
1 0.953125 0.29140625 0.08671875 0.496875
1 0.95703125 0.403125 0.0765625 0.3
1 0.1890625 0.4140625 0.03515625 0.04140625
1 0.909375 0.2765625 0.16015625 0.48046875
1 0.6859375 0.415625 0.04765625 0.05
1 0.98125 0.5453125 0.0375 0.07109375
1 0.8 0.421875 0.20234375 0.0765625
1 0.8203125 0.4578125 0.13515625 0.0515625
1 0.1140625 0.4234375 0.05859375 0.05546875
1 0.2359375 0.403125 0.03046875 0.0359375
1 0.41953125 0.378125 0.009375 0.0140625