1 0.6296875 0.30703125 0.04375 0.1640625
1 0.675 0.30234375 0.04296875 0.19296875
1 0.53125 0.2828125 0.04765625 0.115625
1 0.91171875 0.23359375 0.175 0.46640625
1 0.4703125 0.33359375 0.02578125 0.0359375
1 0.7265625 0.38515625 0.08984375 0.065625
1 0.41484375 0.36015625 0.0171875 0.015625
1 0.3609375 0.35546875 0.01328125 0.03046875
1 0.95859375 0.26328125 0.0703125 0.465625
1 0.246875 0.35546875 0.04140625 0.08046875
1 0.1625 0.38515625 0.08359375 0.09609375
1 0.0453125 0.240625 0.0796875 0.46953125