1 0.4265625 0.36484375 0.01015625 0.009375
1 0.384375 0.34375 0.03046875 0.08203125
1 0.4140625 0.3546875 0.01328125 0.03203125
1 0.5515625 0.31171875 0.015625 0.12890625
1 0.34140625 0.3125 0.053125 0.15859375
1 0.2140625 0.328125 0.06953125 0.159375
1 0.58828125 0.38203125 0.0140625 0.021875
1 0.1828125 0.396875 0.06796875 0.0375
1 0.271875 0.325 0.04609375 0.153125
1 0.578125 0.33125 0.0109375 0.15703125
1 0.6765625 0.378125 0.06171875 0.084375
1 0.578125 0.33984375 0.01875 0.10390625
1 0.5125 0.390625 0.01328125 0.01640625