1 0.8484375 0.50859375 0.11015625 0.1609375
1 0.7390625 0.459375 0.04296875 0.08203125
1 0.23359375 0.31953125 0.0546875 0.2
1 0.2578125 0.3015625 0.07421875 0.23046875
1 0.6859375 0.43203125 0.03671875 0.05859375
1 0.94453125 0.59296875 0.1015625 0.14453125
1 0.7765625 0.49296875 0.02734375 0.0859375
1 0.4890625 0.371875 0.00703125 0.009375
1 0.43125 0.371875 0.0140625 0.01796875
1 0.0546875 0.421875 0.1046875 0.08203125
1 0.5984375 0.37265625 0.03828125 0.05390625
1 0.5359375 0.3765625 0.075 0.0390625
1 0.403125 0.37265625 0.02265625 0.0234375
1 0.11875 0.3265625 0.06640625 0.24140625
1 0.45625 0.3734375 0.00703125 0.0109375
1 0.4796875 0.371875 0.01171875 0.00859375
1 0.328125 0.3828125 0.02265625 0.0234375
1 0.1796875 0.315625 0.04921875 0.234375