1 0.284375 0.378125 0.0265625 0.046875
1 0.26171875 0.38046875 0.0140625 0.046875
1 0.39296875 0.36953125 0.025 0.01640625
1 0.4140625 0.35390625 0.01953125 0.01953125
1 0.3234375 0.2046875 0.12109375 0.365625
1 0.1015625 0.38828125 0.19453125 0.190625
1 0.2109375 0.403125 0.02265625 0.04140625
1 0.5578125 0.32578125 0.0734375 0.0765625
1 0.55625 0.359375 0.0125 0.021875
1 0.6796875 0.27578125 0.09609375 0.284375
1 0.24140625 0.396875 0.01875 0.02109375
1 0.47734375 0.3484375 0.021875 0.046875
1 0.30546875 0.375 0.05 0.0640625