1 0.5890625 0.353125 0.02421875 0.053125
1 0.6859375 0.26640625 0.03984375 0.296875
1 0.7609375 0.234375 0.08515625 0.41796875
1 0.61875 0.2484375 0.03046875 0.271875
1 0.9234375 0.42421875 0.1421875 0.2234375
1 0.1171875 0.28984375 0.10234375 0.3265625
1 0.38515625 0.346875 0.0296875 0.046875
1 0.64375 0.36015625 0.03671875 0.08203125
1 0.2109375 0.3046875 0.06953125 0.240625
1 0.565625 0.353125 0.01953125 0.0390625
1 0.43828125 0.365625 0.0640625 0.028125
1 0.28125 0.29375 0.07265625 0.2265625
1 0.36875 0.36640625 0.01796875 0.01640625
1 0.6578125 0.39375 0.02734375 0.040625