1 0.3515625 0.3578125 0.0109375 0.0234375
1 0.6046875 0.31796875 0.065625 0.1390625
1 0.7875 0.36640625 0.0578125 0.1140625
1 0.853125 0.38359375 0.07109375 0.11640625
1 0.1828125 0.259375 0.16796875 0.33046875
1 0.75625 0.371875 0.03125 0.05546875
1 0.265625 0.3171875 0.07578125 0.159375
1 0.4359375 0.346875 0.02890625 0.046875
1 0.3828125 0.3625 0.00859375 0.0109375
1 0.546875 0.30625 0.05078125 0.17890625
1 0.32421875 0.340625 0.028125 0.07890625
1 0.484375 0.34140625 0.03828125 0.05859375
1 0.05234375 0.31640625 0.1046875 0.30859375
1 0.3 0.340625 0.02265625 0.075
1 0.3625 0.35703125 0.01328125 0.028125
1 0.3921875 0.36328125 0.00546875 0.0125
1 0.3625 0.26953125 0.05390625 0.19140625
1 0.9625 0.40859375 0.0734375 0.16953125