1 0.63515625 0.3640625 0.021875 0.03359375
1 0.66640625 0.3640625 0.03125 0.046875
1 0.5765625 0.265625 0.06015625 0.1484375
1 0.5484375 0.3515625 0.01953125 0.0359375
1 0.44296875 0.340625 0.0359375 0.02890625
1 0.4921875 0.33046875 0.01875 0.04453125
1 0.3484375 0.353125 0.02890625 0.0359375
1 0.4140625 0.32578125 0.0203125 0.07109375
1 0.5296875 0.3390625 0.0125 0.03046875
1 0.584375 0.3515625 0.01796875 0.0390625
1 0.5671875 0.35 0.0171875 0.0390625
1 0.49609375 0.353125 0.009375 0.0109375
1 0.603125 0.35390625 0.01328125 0.03046875
1 0.36640625 0.3125 0.0421875 0.128125
1 0.3921875 0.32421875 0.028125 0.0765625