1 0.07578125 0.39765625 0.015625 0.00703125
1 0.1625 0.384375 0.00703125 0.009375
1 0.59453125 0.359375 0.0421875 0.028125
1 0.2484375 0.32578125 0.03046875 0.1375
1 0.33515625 0.3953125 0.0265625 0.03203125
1 0.0796875 0.409375 0.01015625 0.01796875
1 0.1 0.4046875 0.02734375 0.0125
1 0.4515625 0.396875 0.05234375 0.034375
1 0.05078125 0.4078125 0.0265625 0.0125
1 0.02109375 0.434375 0.0421875 0.02890625
1 0.19296875 0.38671875 0.0140625 0.009375
1 0.69765625 0.365625 0.0265625 0.0140625
1 0.7265625 0.3625 0.02265625 0.0140625
1 0.9765625 0.35546875 0.0390625 0.0359375