1 0.9515625 0.4328125 0.09296875 0.24296875
1 0.153125 0.37578125 0.08203125 0.08203125
1 0.41328125 0.35625 0.0109375 0.0234375
1 0.3921875 0.35546875 0.03046875 0.03359375
1 0.5921875 0.3734375 0.02421875 0.03359375
1 0.62265625 0.37421875 0.0265625 0.0375
1 0.2890625 0.3640625 0.03515625 0.046875
1 0.3609375 0.365625 0.01328125 0.01640625
1 0.3296875 0.365625 0.03125 0.02890625
1 0.790625 0.40625 0.13515625 0.1234375
1 0.425 0.35703125 0.01171875 0.025
1 0.68828125 0.39296875 0.0515625 0.06640625