1 0.3296875 0.36796875 0.02890625 0.0359375
1 0.5390625 0.35625 0.103125 0.059375
1 0.8875 0.48046875 0.06796875 0.0859375
1 0.26484375 0.315625 0.034375 0.178125
1 0.0625 0.32109375 0.09453125 0.28359375
1 0.175 0.32578125 0.03984375 0.20703125
1 0.7625 0.23828125 0.0859375 0.4765625
1 0.3609375 0.35703125 0.02421875 0.04453125
1 0.625 0.2625 0.08515625 0.30546875
1 0.584375 0.353125 0.04609375 0.059375
1 0.221875 0.28984375 0.05 0.24609375
1 0.13046875 0.3078125 0.0375 0.2625
1 0.5328125 0.36171875 0.05 0.0375
1 0.9515625 0.4828125 0.09375 0.184375
1 0.40625 0.3625 0.02578125 0.028125