1 0.25625 0.315625 0.0453125 0.134375
1 0.678125 0.31484375 0.03828125 0.1125
1 0.378125 0.315625 0.01484375 0.121875
1 0.26484375 0.3140625 0.0125 0.1359375
1 0.5734375 0.35 0.04453125 0.03359375
1 0.34765625 0.309375 0.028125 0.1390625
1 0.4015625 0.29375 0.02109375 0.16796875
1 0.321875 0.31171875 0.01875 0.140625
1 0.2921875 0.3203125 0.0296875 0.1265625
1 0.2140625 0.3359375 0.0265625 0.096875
1 0.44375 0.265625 0.03984375 0.2140625
1 0.721875 0.359375 0.03203125 0.01640625
1 0.503125 0.3234375 0.03046875 0.10859375
1 0.1703125 0.3171875 0.03984375 0.14296875
1 0.528125 0.32890625 0.02109375 0.09453125