1 0.0609375 0.3453125 0.1171875 0.1125
1 0.4640625 0.290625 0.04296875 0.17890625
1 0.4046875 0.3578125 0.015625 0.01796875
1 0.2796875 0.35390625 0.0234375 0.0390625
1 0.8375 0.309375 0.15859375 0.3390625
1 0.4015625 0.39765625 0.02421875 0.02890625
1 0.2515625 0.296875 0.028125 0.14296875
1 0.21953125 0.2578125 0.0328125 0.22109375
1 0.1359375 0.36875 0.18203125 0.0875
1 0.8328125 0.403125 0.13671875 0.175
1 0.496875 0.29375 0.05703125 0.19296875
1 0.3375 0.3515625 0.00859375 0.01640625
1 0.540625 0.384375 0.08359375 0.04453125