1 0.3265625 0.33671875 0.01953125 0.07890625
1 0.4875 0.29765625 0.02265625 0.134375
1 0.690625 0.353125 0.0140625 0.0109375
1 0.53828125 0.3234375 0.0234375 0.0859375
1 0.65703125 0.3171875 0.0296875 0.07890625
1 0.41640625 0.3140625 0.0265625 0.13359375
1 0.865625 0.35546875 0.021875 0.03359375
1 0.08046875 0.3671875 0.021875 0.07890625
1 0.2921875 0.325 0.02734375 0.1140625
1 0.38359375 0.33046875 0.01875 0.075
1 0.58359375 0.34921875 0.040625 0.0375
1 0.4609375 0.31328125 0.01171875 0.109375
1 0.353125 0.33203125 0.02421875 0.078125
1 0.44296875 0.328125 0.0171875 0.08046875