1 0.10625 0.41015625 0.05390625 0.040625
1 0.16015625 0.321875 0.065625 0.1875
1 0.5734375 0.35390625 0.02734375 0.05546875
1 0.65 0.3546875 0.06015625 0.0984375
1 0.3125 0.3734375 0.05390625 0.028125
1 0.34921875 0.31953125 0.0328125 0.11640625
1 0.2703125 0.38125 0.0375 0.0265625
1 0.378125 0.32734375 0.025 0.09609375
1 0.32109375 0.32421875 0.04375 0.1515625
1 0.4984375 0.31796875 0.01484375 0.125
1 0.5453125 0.2921875 0.0140625 0.1625
1 0.43125 0.35390625 0.03828125 0.021875
1 0.225 0.33515625 0.0515625 0.1375
1 0.415625 0.346875 0.0171875 0.0234375