1 0.2125 0.28046875 0.09296875 0.325
1 0.503125 0.3390625 0.0328125 0.05859375
1 0.8375 0.21875 0.04921875 0.41796875
1 0.7828125 0.2296875 0.05859375 0.42890625
1 0.4734375 0.36328125 0.02265625 0.0265625
1 0.3703125 0.31796875 0.05703125 0.171875
1 0.53671875 0.3484375 0.0140625 0.03046875
1 0.04140625 0.45 0.0703125 0.0859375
1 0.1234375 0.284375 0.08515625 0.375
1 0.92109375 0.25703125 0.0625 0.43046875
1 0.8609375 0.4296875 0.06640625 0.0875
1 0.73046875 0.271875 0.0484375 0.278125
1 0.421875 0.33125 0.0390625 0.12890625
1 0.3 0.26796875 0.0828125 0.3109375
1 0.6984375 0.35078125 0.02578125 0.04609375
1 0.63515625 0.359375 0.0734375 0.0375