1 0.3359375 0.340625 0.03359375 0.040625
1 0.428125 0.3359375 0.01875 0.0359375
1 0.2515625 0.35625 0.03828125 0.04296875
1 0.55234375 0.32890625 0.0203125 0.06953125
1 0.30703125 0.34453125 0.0328125 0.046875
1 0.3953125 0.3078125 0.0171875 0.12109375
1 0.2828125 0.346875 0.03203125 0.05
1 0.6625 0.33203125 0.06484375 0.15546875
1 0.528125 0.3515625 0.03828125 0.025
1 0.12265625 0.37578125 0.0375 0.059375
1 0.021875 0.396875 0.04375 0.0625
1 0.5765625 0.35 0.03671875 0.05546875
1 0.2078125 0.36875 0.03046875 0.04296875