1 0.48828125 0.32265625 0.0140625 0.084375
1 0.61875 0.30625 0.0375 0.1125
1 0.9109375 0.2640625 0.06953125 0.35859375
1 0.9640625 0.2453125 0.0484375 0.43203125
1 0.15625 0.38671875 0.13359375 0.1734375
1 0.2703125 0.2625 0.04453125 0.3359375
1 0.1359375 0.51796875 0.05625 0.03359375
1 0.8125 0.2921875 0.06796875 0.24609375
1 0.071875 0.284375 0.1171875 0.540625
1 0.3328125 0.22734375 0.0734375 0.415625
1 0.75078125 0.29609375 0.0734375 0.23359375
1 0.38828125 0.3125 0.028125 0.175
1 0.41875 0.3515625 0.0265625 0.071875