1 0.29296875 0.3953125 0.01875 0.034375
1 0.7921875 0.296875 0.046875 0.37109375
1 0.265625 0.4015625 0.03359375 0.03046875
1 0.42890625 0.340625 0.0140625 0.090625
1 0.696875 0.4125 0.13671875 0.05859375
1 0.5609375 0.3265625 0.0453125 0.1
1 0.7484375 0.2953125 0.04296875 0.3515625
1 0.41875 0.378125 0.00859375 0.0125
1 0.8125 0.278125 0.08671875 0.4234375
1 0.684375 0.41640625 0.04453125 0.046875
1 0.77109375 0.3015625 0.078125 0.3390625
1 0.21953125 0.4109375 0.034375 0.0359375
1 0.840625 0.3328125 0.13671875 0.2984375
1 0.9 0.47890625 0.10546875 0.128125
1 0.86953125 0.271875 0.13125 0.4625
1 0.3453125 0.371875 0.03203125 0.05546875