1 0.121875 0.39453125 0.02421875 0.028125
1 0.16796875 0.37734375 0.015625 0.01796875
1 0.35625 0.37578125 0.04765625 0.034375
1 0.29375 0.30859375 0.0453125 0.21640625
1 0.0765625 0.4 0.02578125 0.01953125
0 0.77890625 0.3515625 0.00625 0.021875
1 0.1015625 0.4046875 0.0265625 0.0234375
1 0.2765625 0.3734375 0.025 0.021875
1 0.07109375 0.35859375 0.0140625 0.0640625
1 0.140625 0.35625 0.01171875 0.059375
1 0.8890625 0.36015625 0.02421875 0.02109375
1 0.809375 0.359375 0.01953125 0.02109375
1 0.3390625 0.39296875 0.0421875 0.0390625
1 0.03046875 0.4375 0.0609375 0.06953125