1 0.3765625 0.32421875 0.01953125 0.1265625
1 0.26875 0.278125 0.09609375 0.25546875
1 0.98671875 0.4921875 0.0265625 0.065625
1 0.58125 0.35859375 0.03984375 0.046875
1 0.6125 0.378125 0.0203125 0.04609375
1 0.63515625 0.303125 0.0265625 0.2390625
1 0.59375 0.28984375 0.02109375 0.1984375
1 0.028125 0.325 0.05625 0.246875
1 0.1046875 0.265625 0.08359375 0.334375
1 0.66328125 0.31796875 0.01875 0.18046875
1 0.6953125 0.4015625 0.034375 0.04453125
1 0.5375 0.36015625 0.03984375 0.03203125
1 0.5546875 0.390625 0.01796875 0.021875
1 0.415625 0.3703125 0.034375 0.0234375
1 0.640625 0.40546875 0.0125 0.01640625