1 0.1625 0.37578125 0.02734375 0.02890625
1 0.3671875 0.34296875 0.00546875 0.0390625
1 0.5703125 0.34140625 0.07265625 0.096875
1 0.19765625 0.36953125 0.03125 0.021875
1 0.40859375 0.3546875 0.06875 0.034375
1 0.51875 0.3625 0.02265625 0.0390625
1 0.4109375 0.35625 0.04765625 0.0234375
1 0.6484375 0.353125 0.0703125 0.0984375
1 0.08359375 0.38125 0.034375 0.04609375
1 0.27265625 0.35234375 0.0234375 0.034375
1 0.3234375 0.36015625 0.01171875 0.01796875
1 0.496875 0.334375 0.01640625 0.07890625
1 0.25 0.35703125 0.0296875 0.0390625