1 0.11640625 0.2828125 0.059375 0.3484375
1 0.9671875 0.46640625 0.05546875 0.103125
1 0.3875 0.34609375 0.04765625 0.071875
1 0.378125 0.371875 0.07890625 0.04453125
1 0.6015625 0.3546875 0.0359375 0.0515625
1 0.15390625 0.2796875 0.103125 0.34609375
1 0.7 0.209375 0.02578125 0.4109375
1 0.63515625 0.409375 0.0125 0.0125
1 0.6578125 0.26953125 0.053125 0.296875
1 0.746875 0.375 0.06015625 0.11953125
1 0.88828125 0.24609375 0.090625 0.48046875
1 0.2375 0.32734375 0.06796875 0.19296875
1 0.81953125 0.42578125 0.10625 0.1125
1 0.04375 0.271875 0.08671875 0.4125
1 0.27578125 0.396875 0.096875 0.04609375