1 0.3484375 0.3109375 0.02265625 0.071875
1 0.19609375 0.35 0.03125 0.04140625
1 0.4703125 0.340625 0.0328125 0.08046875
1 0.3671875 0.328125 0.01328125 0.065625
1 0.4265625 0.35859375 0.04921875 0.025
1 0.040625 0.38046875 0.05 0.05546875
1 0.2453125 0.38359375 0.01171875 0.01640625
1 0.38671875 0.31015625 0.0296875 0.115625
1 0.65 0.4421875 0.0515625 0.05703125
1 0.3703125 0.321875 0.01796875 0.08203125
1 0.2671875 0.35546875 0.01015625 0.01953125
1 0.784375 0.340625 0.1515625 0.23203125
1 0.1 0.35703125 0.04921875 0.06953125
1 0.134375 0.35390625 0.0328125 0.05546875
1 0.16484375 0.35234375 0.0328125 0.0484375