1 0.2484375 0.365625 0.06953125 0.09453125
1 0.603125 0.32890625 0.01484375 0.09140625
1 0.32421875 0.284375 0.028125 0.22890625
1 0.82734375 0.4203125 0.1703125 0.115625
1 0.384375 0.275 0.03984375 0.25546875
1 0.9171875 0.43046875 0.14453125 0.096875
1 0.2234375 0.25078125 0.04296875 0.35703125
1 0.521875 0.36484375 0.00859375 0.009375
1 0.421875 0.34921875 0.021875 0.0515625
1 0.29609375 0.26875 0.0296875 0.2765625
1 0.16171875 0.2234375 0.084375 0.446875
1 0.48828125 0.2984375 0.028125 0.196875
1 0.25625 0.421875 0.02421875 0.021875