1 0.31328125 0.36484375 0.04375 0.06796875
1 0.2640625 0.2328125 0.0578125 0.34609375
1 0.553125 0.36796875 0.01171875 0.0140625
1 0.134375 0.39375 0.075 0.05390625
1 0.4828125 0.3296875 0.01015625 0.0734375
1 0.346875 0.303125 0.02734375 0.1765625
1 0.565625 0.36015625 0.00703125 0.009375
1 0.534375 0.36171875 0.00703125 0.009375
1 0.60625 0.3078125 0.03671875 0.09296875
1 0.428125 0.3546875 0.01484375 0.034375
1 0.9515625 0.48515625 0.0828125 0.07890625
1 0.8625 0.271875 0.13984375 0.4140625
1 0.3734375 0.309375 0.02421875 0.159375
1 0.703125 0.27421875 0.10234375 0.2734375
1 0.409375 0.3625 0.02421875 0.0359375