1 0.478125 0.353125 0.00703125 0.01640625
1 0.69921875 0.353125 0.0921875 0.0859375
1 0.34609375 0.36171875 0.0296875 0.04296875
1 0.225 0.32734375 0.05078125 0.19296875
1 0.48515625 0.35234375 0.00625 0.01796875
1 0.4203125 0.35234375 0.0203125 0.0375
1 0.62890625 0.353125 0.034375 0.05859375
1 0.375 0.35546875 0.03515625 0.046875
1 0.8578125 0.24765625 0.13671875 0.45390625
1 0.1484375 0.2984375 0.09921875 0.2859375
1 0.9640625 0.41640625 0.0703125 0.23046875
1 0.1046875 0.421875 0.12109375 0.06796875
1 0.0640625 0.325 0.06171875 0.328125