1 0.6859375 0.29609375 0.0359375 0.1109375
1 0.4734375 0.346875 0.02578125 0.0515625
1 0.40234375 0.37578125 0.015625 0.0234375
1 0.55078125 0.3234375 0.0203125 0.075
1 0.75 0.296875 0.06328125 0.15390625
1 0.6671875 0.38359375 0.01328125 0.01640625
1 0.2796875 0.2421875 0.103125 0.3515625
1 0.7265625 0.328125 0.04140625 0.1109375
1 0.4203125 0.36875 0.02421875 0.03203125
1 0.95625 0.2640625 0.0875 0.528125
1 0.8078125 0.29375 0.05390625 0.2515625
1 0.66328125 0.353125 0.009375 0.0140625
1 0.1671875 0.2265625 0.071875 0.453125
1 0.7921875 0.3765625 0.103125 0.04453125