1 0.290625 0.36796875 0.021875 0.0390625
1 0.6015625 0.35390625 0.0234375 0.04453125
1 0.31640625 0.36015625 0.0296875 0.040625
1 0.215625 0.38203125 0.03515625 0.05546875
1 0.48125 0.353125 0.05859375 0.025
1 0.3515625 0.35078125 0.02265625 0.04296875
1 0.121875 0.39453125 0.08984375 0.1140625
1 0.3671875 0.35 0.0203125 0.03046875
1 0.39453125 0.34765625 0.01875 0.0265625
1 0.73203125 0.334375 0.059375 0.128125
1 0.6578125 0.328125 0.06796875 0.12109375
1 0.48359375 0.309375 0.0265625 0.096875
1 0.2609375 0.315625 0.0203125 0.15703125