1 0.228125 0.334375 0.05234375 0.18359375
1 0.03125 0.31484375 0.0625 0.2234375
1 0.590625 0.428125 0.11015625 0.040625
1 0.09921875 0.35 0.0375 0.15546875
1 0.34375 0.3375 0.01953125 0.178125
1 0.4859375 0.25390625 0.0453125 0.38046875
1 0.4421875 0.3359375 0.02734375 0.1859375
1 0.3015625 0.34296875 0.03515625 0.171875
1 0.375 0.29609375 0.03515625 0.2609375
1 0.83984375 0.4171875 0.046875 0.0265625
1 0.4078125 0.2953125 0.0296875 0.26796875
1 0.7828125 0.41484375 0.05390625 0.02890625
1 0.1484375 0.334375 0.04921875 0.18359375