1 0.36875 0.37890625 0.01328125 0.01640625
1 0.48671875 0.36015625 0.00625 0.009375
1 0.15 0.428125 0.04453125 0.046875
1 0.5359375 0.35625 0.01328125 0.0125
0 0.6765625 0.359375 0.00546875 0.021875
1 0.86953125 0.365625 0.0171875 0.0125
1 0.09375 0.471875 0.07421875 0.0625
1 0.12578125 0.40703125 0.021875 0.025
1 0.51875 0.4359375 0.05234375 0.0640625
0 0.3359375 0.3671875 0.00390625 0.015625
0 0.68125 0.3546875 0.003125 0.0125
1 0.259375 0.46015625 0.08828125 0.065625
1 0.9390625 0.371875 0.015625 0.01640625