1 0.6421875 0.390625 0.02578125 0.015625
1 0.31640625 0.3421875 0.0203125 0.1265625
1 0.609375 0.39140625 0.02265625 0.0109375
1 0.43125 0.3140625 0.0296875 0.171875
1 0.49296875 0.365625 0.0234375 0.06953125
1 0.25625 0.3546875 0.02578125 0.1015625
1 0.3359375 0.346875 0.02109375 0.11796875
1 0.23359375 0.365625 0.0140625 0.0859375
1 0.18046875 0.3453125 0.028125 0.1265625
1 0.403125 0.33046875 0.021875 0.1390625
1 0.209375 0.334375 0.02265625 0.16640625
1 0.4625 0.38828125 0.03671875 0.02890625
1 0.2953125 0.35703125 0.0296875 0.09453125
1 0.3859375 0.33984375 0.02109375 0.1265625
1 0.525 0.38515625 0.03359375 0.03203125
1 0.3484375 0.33828125 0.02421875 0.13203125
1 0.3671875 0.33828125 0.0171875 0.12890625