0 0.684375 0.37109375 0.0109375 0.046875
1 0.35625 0.35703125 0.00703125 0.0109375
1 0.7296875 0.36015625 0.0109375 0.015625
0 0.55 0.353125 0.00546875 0.01796875
0 0.5375 0.35546875 0.00546875 0.021875
0 0.1640625 0.36796875 0.01015625 0.0390625
0 0.29453125 0.35625 0.0046875 0.015625
1 0.4390625 0.35625 0.0265625 0.03203125
1 0.3125 0.3625 0.00859375 0.0140625
1 0.41796875 0.353125 0.009375 0.0109375
1 0.715625 0.371875 0.01015625 0.01953125
1 0.36640625 0.35703125 0.00625 0.00859375
1 0.13203125 0.359375 0.0125 0.0140625
1 0.39296875 0.35546875 0.00625 0.00859375