1 0.3484375 0.353125 0.015625 0.071875
1 0.3859375 0.34609375 0.01171875 0.0890625
1 0.371875 0.35078125 0.01328125 0.0765625
1 0.75 0.40234375 0.01796875 0.0125
1 0.290625 0.340625 0.01328125 0.1015625
1 0.5296875 0.3875 0.0109375 0.0109375
1 0.3171875 0.35625 0.01015625 0.0625
1 0.26875 0.34375 0.0203125 0.090625
1 0.5734375 0.3859375 0.02265625 0.0140625
1 0.4421875 0.32890625 0.01640625 0.1140625
1 0.4 0.34921875 0.01171875 0.08203125
1 0.415625 0.3453125 0.015625 0.09296875
1 0.596875 0.390625 0.01875 0.009375
1 0.465625 0.33515625 0.02109375 0.10703125