1 0.70703125 0.259375 0.0421875 0.3140625
1 0.3109375 0.32890625 0.02890625 0.153125
1 0.36015625 0.32421875 0.0359375 0.115625
1 0.675 0.409375 0.01640625 0.0140625
1 0.84140625 0.4515625 0.05 0.0609375
1 0.646875 0.284375 0.05859375 0.2265625
1 0.16796875 0.26875 0.121875 0.3484375
1 0.096875 0.27734375 0.08671875 0.34609375
1 0.4984375 0.35078125 0.01796875 0.0375
1 0.7625 0.403125 0.0375 0.084375
1 0.7953125 0.43984375 0.04296875 0.05390625
1 0.4359375 0.353125 0.02578125 0.0375
1 0.590625 0.3578125 0.04296875 0.03203125