1 0.4640625 0.3515625 0.03671875 0.05
1 0.9015625 0.4328125 0.159375 0.084375
1 0.9375 0.28046875 0.08828125 0.49453125
1 0.38125 0.25703125 0.04140625 0.26953125
1 0.60234375 0.45625 0.05625 0.05703125
1 0.1625 0.39140625 0.07265625 0.046875
1 0.4921875 0.34921875 0.0234375 0.0515625
1 0.58515625 0.3796875 0.0375 0.02109375
1 0.5578125 0.3703125 0.01328125 0.01796875
1 0.63828125 0.37734375 0.009375 0.0125
1 0.43125 0.28984375 0.03203125 0.17890625
1 0.27265625 0.22734375 0.090625 0.4515625
1 0.8015625 0.25625 0.09765625 0.3625