1 0.2703125 0.3359375 0.0296875 0.20859375
1 0.1890625 0.3359375 0.06640625 0.1859375
1 0.3734375 0.30703125 0.04296875 0.2609375
1 0.640625 0.27265625 0.09140625 0.32890625
1 0.2453125 0.33828125 0.0390625 0.184375
1 0.059375 0.32109375 0.06875 0.225
1 0.134375 0.35546875 0.04140625 0.15
1 0.340625 0.303125 0.046875 0.2625
1 0.60390625 0.421875 0.0828125 0.0234375
1 0.4109375 0.30078125 0.03828125 0.265625
1 0.471875 0.31171875 0.03125 0.24296875
1 0.890625 0.41484375 0.04609375 0.0234375
1 0.5203125 0.2671875 0.05234375 0.34296875
1 0.83125 0.4109375 0.0375 0.025
1 0.303125 0.31640625 0.02265625 0.228125