1 0.38515625 0.3765625 0.021875 0.0390625
1 0.5125 0.384375 0.05 0.03203125
1 0.3453125 0.38515625 0.03046875 0.0375
1 0.60546875 0.39140625 0.0140625 0.025
1 0.36875 0.378125 0.01484375 0.04296875
1 0.628125 0.36953125 0.03515625 0.075
1 0.2578125 0.3921875 0.03203125 0.04609375
1 0.4078125 0.35703125 0.0234375 0.075
1 0.75 0.39140625 0.06328125 0.10859375
1 0.1375 0.3875 0.07890625 0.10859375
1 0.9484375 0.428125 0.10234375 0.209375
1 0.696875 0.3796875 0.04140625 0.1125
1 0.2984375 0.359375 0.03828125 0.08359375