1 0.35546875 0.33359375 0.0375 0.11953125
1 0.7609375 0.3890625 0.0859375 0.128125
1 0.63125 0.384375 0.03125 0.0375
1 0.965625 0.453125 0.06484375 0.12890625
1 0.2015625 0.40546875 0.075 0.0359375
1 0.0921875 0.42265625 0.0625 0.04296875
1 0.0359375 0.4296875 0.07109375 0.07109375
1 0.6875 0.259375 0.0453125 0.3109375
1 0.259375 0.309375 0.05703125 0.19453125
1 0.63125 0.26484375 0.053125 0.265625
1 0.4703125 0.3578125 0.0078125 0.015625
1 0.4375 0.35703125 0.01171875 0.01953125
1 0.57109375 0.415625 0.03125 0.04296875
1 0.396875 0.38828125 0.03359375 0.040625
1 0.28046875 0.315625 0.0765625 0.1984375
1 0.2203125 0.3140625 0.09296875 0.21953125
1 0.55 0.3625 0.053125 0.03046875