1 0.428125 0.378125 0.05625 0.046875
1 0.3828125 0.35859375 0.03515625 0.03359375
1 0.1453125 0.38515625 0.0109375 0.0125
1 0.2921875 0.3625 0.01640625 0.01953125
1 0.040625 0.39375 0.02421875 0.0265625
1 0.2140625 0.3828125 0.0203125 0.0234375
1 0.13671875 0.421875 0.04375 0.05390625
1 0.1921875 0.3859375 0.0359375 0.03046875
1 0.9671875 0.3703125 0.034375 0.02890625
1 0.009375 0.40234375 0.01875 0.0671875
1 0.3 0.33125 0.0171875 0.115625
1 0.1703125 0.38828125 0.01796875 0.01796875
1 0.103125 0.4046875 0.03828125 0.04296875
1 0.2375 0.371875 0.01328125 0.0140625