1 0.5234375 0.328125 0.05234375 0.05546875
1 0.63046875 0.23515625 0.075 0.24609375
1 0.178125 0.384375 0.06015625 0.05390625
1 0.45703125 0.33984375 0.0546875 0.04296875
1 0.75859375 0.38828125 0.05 0.07109375
1 0.57734375 0.36171875 0.0296875 0.04609375
1 0.24609375 0.25859375 0.0671875 0.278125
1 0.32890625 0.31328125 0.065625 0.1234375
1 0.6109375 0.3609375 0.02578125 0.05
1 0.390625 0.3109375 0.0453125 0.11953125
1 0.66328125 0.35859375 0.0265625 0.071875
1 0.7140625 0.384375 0.03515625 0.059375