1 0.603125 0.3046875 0.02734375 0.16796875
1 0.634375 0.2921875 0.01875 0.1984375
1 0.28828125 0.29375 0.0765625 0.2265625
1 0.66875 0.3953125 0.021875 0.040625
1 0.221875 0.2921875 0.05 0.265625
1 0.16171875 0.2953125 0.06875 0.2734375
1 0.44921875 0.35390625 0.0203125 0.03046875
1 0.525 0.34921875 0.0203125 0.04296875
1 0.35 0.3234375 0.046875 0.1390625
1 0.65625 0.38125 0.0171875 0.040625
1 0.39375 0.328125 0.03359375 0.10703125
1 0.0875 0.3140625 0.07890625 0.2859375
1 0.88125 0.3546875 0.19296875 0.3265625