1 0.21953125 0.3375 0.0390625 0.11953125
1 0.53515625 0.3875 0.0109375 0.0109375
1 0.40625 0.3359375 0.01953125 0.103125
1 0.278125 0.3421875 0.01484375 0.090625
1 0.35390625 0.34609375 0.015625 0.09140625
1 0.2609375 0.35 0.01953125 0.078125
1 0.74296875 0.39921875 0.0234375 0.0125
1 0.29453125 0.340625 0.015625 0.0984375
1 0.56796875 0.390625 0.0234375 0.0109375
1 0.325 0.3484375 0.01171875 0.0859375
1 0.2453125 0.35703125 0.00859375 0.06640625
1 0.31015625 0.34453125 0.015625 0.09140625
1 0.3390625 0.340625 0.0140625 0.1
1 0.4375 0.38359375 0.02578125 0.00859375