1 0.57890625 0.3078125 0.0296875 0.1234375
1 0.9203125 0.25625 0.10859375 0.44296875
1 0.809375 0.43515625 0.0296875 0.0265625
1 0.5375 0.3640625 0.00703125 0.00859375
1 0.7796875 0.265625 0.121875 0.3265625
1 0.125 0.23125 0.07890625 0.4375
1 0.7296875 0.26171875 0.1109375 0.3265625
1 0.18515625 0.4109375 0.04375 0.0390625
1 0.23984375 0.39921875 0.0421875 0.0375
1 0.28125 0.3890625 0.0265625 0.0359375
1 0.6921875 0.3015625 0.08828125 0.25859375
1 0.353125 0.37109375 0.0296875 0.03046875
1 0.4171875 0.39140625 0.01640625 0.025