1 0.63046875 0.27578125 0.096875 0.3015625
1 0.39609375 0.36484375 0.009375 0.01796875
1 0.3859375 0.36953125 0.009375 0.0140625
1 0.45390625 0.3640625 0.015625 0.021875
1 0.46640625 0.36484375 0.015625 0.009375
1 0.6734375 0.27578125 0.10859375 0.29609375
1 0.30546875 0.484375 0.0921875 0.0640625
1 0.4671875 0.36640625 0.0078125 0.0109375
1 0.3125 0.359375 0.03203125 0.06796875
1 0.36328125 0.36953125 0.015625 0.021875
1 0.05859375 0.43671875 0.1171875 0.1125
1 0.2734375 0.25859375 0.0453125 0.2859375
1 0.4234375 0.35234375 0.01640625 0.034375