1 0.15 0.290625 0.10703125 0.5765625
1 0.47890625 0.246875 0.090625 0.234375
1 0.575 0.359375 0.0109375 0.02109375
1 0.35234375 0.33046875 0.059375 0.10859375
1 0.1828125 0.29296875 0.29765625 0.31640625
1 0.4078125 0.33359375 0.05234375 0.1140625
1 0.5328125 0.3484375 0.01640625 0.01640625
1 0.4359375 0.3625 0.01796875 0.028125
1 0.471875 0.3578125 0.01796875 0.0265625
1 0.6484375 0.31640625 0.046875 0.1109375
1 0.9546875 0.24765625 0.08359375 0.384375
1 0.56875 0.34140625 0.01484375 0.021875
1 0.45625 0.35859375 0.01484375 0.028125