1 0.45390625 0.32265625 0.025 0.09609375
1 0.8703125 0.528125 0.0421875 0.06640625
1 0.37578125 0.359375 0.0078125 0.015625
1 0.38203125 0.33515625 0.0109375 0.0484375
1 0.375 0.34609375 0.01015625 0.03359375
1 0.35703125 0.35703125 0.00625 0.00859375
1 0.3671875 0.35546875 0.01171875 0.0109375
1 0.1453125 0.2140625 0.24296875 0.428125
1 0.55390625 0.36953125 0.05625 0.03046875
1 0.38828125 0.33046875 0.0140625 0.0640625
1 0.0328125 0.4203125 0.065625 0.07890625
1 0.275 0.378125 0.04296875 0.028125
1 0.2921875 0.36875 0.01796875 0.03203125