0 0.425 0.36328125 0.01171875 0.03203125
0 0.859375 0.36484375 0.00625 0.02890625
1 0.7125 0.38046875 0.01640625 0.025
1 0.53125 0.359375 0.01484375 0.021875
1 0.56328125 0.36953125 0.0140625 0.0140625
1 0.65 0.35703125 0.01796875 0.01640625
1 0.69765625 0.35625 0.0203125 0.01796875
1 0.66796875 0.3546875 0.021875 0.01796875
1 0.046875 0.42421875 0.02265625 0.0375
1 0.328125 0.378125 0.08203125 0.065625
1 0.56796875 0.325 0.0328125 0.08359375
1 0.0140625 0.41640625 0.028125 0.0234375
0 0.9609375 0.40703125 0.01171875 0.06953125