1 0.79453125 0.3796875 0.078125 0.084375
1 0.7328125 0.378125 0.03046875 0.04296875
1 0.6734375 0.36640625 0.02578125 0.0359375
1 0.64609375 0.36796875 0.015625 0.021875
1 0.459375 0.35390625 0.01484375 0.021875
1 0.1171875 0.39296875 0.09765625 0.10859375
1 0.4734375 0.35703125 0.00859375 0.01640625
1 0.9203125 0.3921875 0.1421875 0.15703125
1 0.3796875 0.359375 0.03046875 0.04296875
1 0.4 0.3625 0.01640625 0.021875
1 0.62734375 0.3625 0.0203125 0.03046875
1 0.25625 0.34296875 0.084375 0.16640625
1 0.315625 0.34921875 0.03359375 0.090625