1 0.16875 0.38828125 0.03515625 0.02109375
1 0.571875 0.38671875 0.01640625 0.0125
1 0.50078125 0.38359375 0.0265625 0.025
1 0.3609375 0.340625 0.01484375 0.1125
1 0.44296875 0.384375 0.03125 0.02890625
1 0.3796875 0.33984375 0.01328125 0.1125
1 0.603125 0.3875 0.025 0.0109375
1 0.2015625 0.3421875 0.01796875 0.1125
1 0.3234375 0.34921875 0.01796875 0.0984375
1 0.221875 0.39375 0.01953125 0.02109375
1 0.415625 0.3171875 0.02421875 0.14296875
1 0.78984375 0.3953125 0.01875 0.01796875
1 0.34375 0.340625 0.0171875 0.1109375