1 0.71875 0.46953125 0.04765625 0.06640625
1 0.49609375 0.36875 0.00625 0.015625
1 0.62421875 0.41015625 0.021875 0.04296875
1 0.4859375 0.36875 0.01171875 0.015625
1 0.64375 0.42109375 0.01640625 0.05546875
1 0.4421875 0.36484375 0.01484375 0.02890625
1 0.4640625 0.37265625 0.0078125 0.0125
1 0.5875 0.34609375 0.03359375 0.103125
1 0.665625 0.42265625 0.03046875 0.090625
1 0.41796875 0.3671875 0.0203125 0.0265625
1 0.55078125 0.37734375 0.040625 0.03203125
1 0.125 0.31015625 0.08671875 0.265625