1 0.23125 0.378125 0.02890625 0.034375
1 0.921875 0.3109375 0.13671875 0.31953125
1 0.521875 0.30390625 0.03359375 0.078125
1 0.5828125 0.303125 0.05390625 0.18359375
1 0.09765625 0.3890625 0.1765625 0.08046875
1 0.153125 0.36171875 0.11328125 0.0875
1 0.3640625 0.359375 0.02265625 0.0265625
1 0.33984375 0.31015625 0.021875 0.134375
1 0.6265625 0.3890625 0.06953125 0.0390625
1 0.3125 0.3109375 0.02109375 0.14453125
1 0.2890625 0.278125 0.025 0.22109375
1 0.4109375 0.33046875 0.01640625 0.0640625