1 0.5671875 0.30078125 0.06953125 0.2515625
1 0.45390625 0.28828125 0.034375 0.2734375
1 0.615625 0.38828125 0.04765625 0.04296875
1 0.175 0.3640625 0.03671875 0.11640625
1 0.75234375 0.40078125 0.0265625 0.01796875
1 0.4046875 0.31484375 0.0484375 0.2125
1 0.3828125 0.31875 0.025 0.2125
1 0.30234375 0.334375 0.0359375 0.1765625
1 0.5375 0.403125 0.06484375 0.0265625
1 0.2625 0.3484375 0.02890625 0.15
1 0.215625 0.35 0.02890625 0.14453125
1 0.346875 0.321875 0.04140625 0.209375
1 0.4890625 0.28984375 0.02578125 0.27890625
1 0.078125 0.3171875 0.03515625 0.27890625