1 0.35546875 0.30625 0.046875 0.20703125
1 0.4390625 0.34296875 0.02734375 0.05
1 0.16953125 0.33515625 0.0625 0.18203125
1 0.940625 0.43515625 0.11484375 0.165625
1 0.4625 0.303125 0.03359375 0.17890625
1 0.0828125 0.3734375 0.065625 0.1640625
1 0.65625 0.2734375 0.0421875 0.24453125
1 0.6203125 0.3578125 0.02109375 0.05703125
1 0.3 0.28671875 0.0578125 0.24296875
1 0.621875 0.346875 0.03359375 0.0609375
1 0.40703125 0.31484375 0.03125 0.140625
1 0.684375 0.3875 0.03125 0.0390625
1 0.603125 0.35078125 0.03359375 0.059375
1 0.6609375 0.29296875 0.02265625 0.21640625