1 0.5546875 0.35859375 0.03671875 0.025
1 0.421875 0.34765625 0.0140625 0.0375
1 0.34296875 0.328125 0.0375 0.109375
1 0.453125 0.36640625 0.0078125 0.0109375
1 0.37734375 0.33125 0.0328125 0.090625
1 0.6109375 0.309375 0.02734375 0.184375
1 0.2734375 0.309375 0.06328125 0.1875
1 0.096875 0.30859375 0.0859375 0.253125
1 0.0328125 0.415625 0.065625 0.08359375
1 0.684375 0.37578125 0.07578125 0.1265625
1 0.265625 0.3265625 0.03515625 0.1640625
1 0.596875 0.26640625 0.03203125 0.19140625
1 0.1984375 0.3921875 0.07265625 0.0515625
1 0.4203125 0.378125 0.009375 0.0140625
1 0.63359375 0.271875 0.025 0.26796875