1 0.40859375 0.36875 0.0375 0.0375
1 0.7265625 0.35546875 0.00390625 0.0140625
0 0.771875 0.3546875 0.00546875 0.015625
0 0.9140625 0.359375 0.00546875 0.01796875
0 0.871875 0.35859375 0.00390625 0.01640625
1 0.7984375 0.3546875 0.0078125 0.0125
1 0.8765625 0.35 0.01484375 0.01953125
0 0.26796875 0.36796875 0.0125 0.0359375
0 0.8984375 0.37890625 0.0140625 0.06953125
1 0.71796875 0.3609375 0.00625 0.00859375
1 0.8421875 0.3609375 0.0078125 0.0109375
1 0.74375 0.3578125 0.0078125 0.0125
1 0.625 0.3578125 0.01328125 0.01796875
1 0.2421875 0.3921875 0.0375 0.034375