1 0.60390625 0.3640625 0.0515625 0.03359375
1 0.5109375 0.35390625 0.01171875 0.01640625
1 0.31328125 0.328125 0.0515625 0.16640625
1 0.4859375 0.35390625 0.028125 0.01953125
1 0.47265625 0.37578125 0.0078125 0.009375
1 0.05390625 0.30390625 0.0984375 0.328125
1 0.66171875 0.228125 0.0296875 0.34296875
1 0.6890625 0.365625 0.0453125 0.09296875
1 0.8109375 0.4328125 0.04921875 0.08203125
1 0.2515625 0.30546875 0.06640625 0.228125
1 0.4328125 0.34765625 0.03828125 0.05703125
1 0.16015625 0.296875 0.115625 0.321875
1 0.3953125 0.365625 0.0328125 0.03046875