1 0.28359375 0.32109375 0.078125 0.16640625
1 0.63203125 0.3609375 0.053125 0.06640625
1 0.3265625 0.3421875 0.02421875 0.1015625
1 0.80078125 0.246875 0.08125 0.47890625
1 0.403125 0.35625 0.0171875 0.0234375
1 0.509375 0.39921875 0.01953125 0.0265625
1 0.046875 0.27890625 0.08515625 0.34453125
1 0.66875 0.22734375 0.04140625 0.3734375
1 0.9046875 0.46875 0.0765625 0.1125
1 0.128125 0.2765625 0.06796875 0.30859375
1 0.20234375 0.28984375 0.08125 0.2625
1 0.384375 0.36875 0.07890625 0.034375
1 0.59609375 0.36015625 0.021875 0.05390625