1 0.521875 0.3984375 0.01171875 0.01953125
1 0.8125 0.28828125 0.1296875 0.3234375
1 0.4546875 0.36015625 0.01484375 0.0375
1 0.6171875 0.32734375 0.0359375 0.12890625
1 0.16875 0.409375 0.046875 0.05546875
1 0.06484375 0.24296875 0.1296875 0.4859375
1 0.2546875 0.3890625 0.03046875 0.046875
1 0.3125 0.3625 0.0265625 0.0609375
1 0.7109375 0.25859375 0.12265625 0.328125
1 0.2171875 0.30234375 0.03984375 0.2484375
1 0.65859375 0.31015625 0.0640625 0.19296875
1 0.528125 0.31015625 0.02734375 0.10703125
1 0.92734375 0.24453125 0.1453125 0.4890625