1 0.45 0.3578125 0.01015625 0.0234375
1 0.4625 0.35703125 0.01015625 0.021875
1 0.79375 0.38984375 0.084375 0.08203125
1 0.64375 0.36484375 0.0203125 0.02890625
1 0.43359375 0.353125 0.0265625 0.0390625
1 0.05 0.403125 0.1 0.0984375
1 0.35546875 0.36484375 0.028125 0.03203125
1 0.18671875 0.3421875 0.1171875 0.15703125
1 0.61875 0.3609375 0.025 0.0390625
1 0.9296875 0.375 0.13828125 0.2109375
1 0.725 0.37265625 0.03515625 0.059375
1 0.26953125 0.3671875 0.0546875 0.05703125
1 0.68515625 0.31171875 0.0265625 0.15390625