1 0.26484375 0.3078125 0.034375 0.290625
1 0.4578125 0.2625 0.0453125 0.4140625
1 0.6578125 0.4703125 0.13359375 0.07890625
1 0.9421875 0.446875 0.04609375 0.03203125
1 0.221875 0.29296875 0.040625 0.328125
1 0.40625 0.28046875 0.04375 0.38359375
1 0.6875 0.2546875 0.19296875 0.49609375
1 0.0265625 0.34296875 0.053125 0.1921875
1 0.16953125 0.33984375 0.0390625 0.22109375
1 0.09296875 0.3234375 0.0625 0.23359375
1 0.3578125 0.28671875 0.040625 0.35390625
1 0.31171875 0.278125 0.0390625 0.35546875
1 0.528125 0.24296875 0.07578125 0.4859375