1 0.5484375 0.309375 0.02578125 0.09140625
1 0.3984375 0.29375 0.01953125 0.1484375
1 0.9109375 0.3796875 0.13125 0.115625
1 0.56953125 0.31328125 0.015625 0.115625
1 0.34453125 0.346875 0.06875 0.0765625
1 0.43125 0.3484375 0.01484375 0.028125
1 0.66796875 0.3609375 0.075 0.0390625
1 0.615625 0.321875 0.02578125 0.109375
1 0.73046875 0.32578125 0.05 0.12890625
1 0.0734375 0.403125 0.12734375 0.14140625
1 0.8015625 0.36484375 0.06015625 0.06796875
1 0.26875 0.359375 0.07578125 0.084375
1 0.184375 0.36171875 0.09375 0.109375
1 0.496875 0.34609375 0.01328125 0.025