3 0.0140625 0.50625 0.02734375 0.0296875
3 0.0921875 0.496875 0.13046875 0.071875
3 0.209375 0.49375 0.2375 0.0890625
3 0.346875 0.52265625 0.05390625 0.03359375
3 0.52265625 0.5328125 0.07109375 0.0375
3 0.6375 0.52890625 0.128125 0.04921875
3 0.721875 0.53828125 0.12109375 0.0421875
3 0.91015625 0.57734375 0.04609375 0.02734375
3 0.846875 0.56640625 0.0375 0.01796875
3 0.790625 0.55859375 0.0171875 0.0171875
3 0.88359375 0.54609375 0.10625 0.0453125
3 0.95 0.53984375 0.06328125 0.1046875
3 0.98515625 0.5546875 0.02890625 0.04375