3 0.00859375 0.4265625 0.0171875 0.04296875
3 0.04140625 0.4234375 0.05703125 0.0390625
3 0.09453125 0.4265625 0.028125 0.03359375
3 0.1640625 0.41640625 0.09609375 0.040625
3 0.28046875 0.434375 0.0203125 0.02890625
3 0.30703125 0.4296875 0.01328125 0.03203125
3 0.4671875 0.4 0.21640625 0.0921875
3 0.61484375 0.41953125 0.084375 0.04375
3 0.73515625 0.428125 0.03046875 0.02109375
3 0.77421875 0.4265625 0.025 0.0359375
3 0.9453125 0.4234375 0.0234375 0.0359375
3 0.3546875 0.43046875 0.015625 0.02421875