3 0.0484375 0.46796875 0.0765625 0.0375
3 0.14140625 0.46875 0.065625 0.0484375
3 0.16875 0.4734375 0.07109375 0.03359375
3 0.24765625 0.47578125 0.1234375 0.05703125
3 0.3375 0.49140625 0.03046875 0.0421875
3 0.41015625 0.475 0.1078125 0.0515625
3 0.46796875 0.496875 0.071875 0.06796875
3 0.5296875 0.48125 0.12421875 0.06484375
3 0.6171875 0.4953125 0.1109375 0.05859375
3 0.67734375 0.49453125 0.10859375 0.05703125
3 0.8171875 0.48125 0.1609375 0.0890625
3 0.9375 0.51171875 0.11640625 0.0828125
3 0.9765625 0.49140625 0.04609375 0.08125
0 0.31640625 0.5484375 0.13828125 0.09375