1 0.0890625 0.596875 0.0203125 0.04375
1 0.98203125 0.62734375 0.034375 0.046875
1 0.146875 0.60078125 0.021875 0.0265625
1 0.109375 0.6203125 0.0171875 0.0265625
1 0.22578125 0.5875 0.05625 0.0703125
1 0.28203125 0.59765625 0.0328125 0.04375
1 0.31328125 0.603125 0.0546875 0.04375
1 0.3578125 0.596875 0.0375 0.059375
1 0.41171875 0.58828125 0.071875 0.0984375
1 0.5234375 0.6234375 0.0453125 0.025
1 0.65546875 0.59921875 0.059375 0.0953125
1 0.7140625 0.61875 0.053125 0.046875
1 0.78046875 0.6109375 0.0578125 0.0640625
1 0.8546875 0.6 0.0640625 0.1140625
1 0.890625 0.6609375 0.1515625 0.115625
1 0.98046875 0.72109375 0.0359375 0.0984375
0 0.21640625 0.671875 0.0140625 0.0171875
1 0.93515625 0.82890625 0.1265625 0.0921875