1 0.0484375 0.46796875 0.0765625 0.0375
1 0.14140625 0.46875 0.065625 0.0484375
1 0.16875 0.4734375 0.071875 0.034375
1 0.24765625 0.47578125 0.1234375 0.0578125
1 0.34140625 0.49375 0.01875 0.0234375
1 0.41015625 0.475 0.1078125 0.0515625
1 0.46796875 0.496875 0.071875 0.06875
1 0.5296875 0.48125 0.125 0.065625
1 0.6171875 0.4953125 0.1109375 0.059375
1 0.69296875 0.49453125 0.1140625 0.0578125
1 0.8171875 0.4890625 0.1609375 0.08125
1 0.9375 0.51328125 0.1171875 0.0734375
1 0.9765625 0.49140625 0.046875 0.08125
1 0.28984375 0.54140625 0.1 0.08125