3 0.89921875 0.4453125 0.10859375 0.04453125
3 0.71875 0.4375 0.2265625 0.05234375
3 0.90390625 0.4359375 0.16640625 0.05234375
3 0.75859375 0.4328125 0.075 0.1078125
3 0.5390625 0.44296875 0.11875 0.05390625
3 0.43125 0.4359375 0.096875 0.0578125
3 0.325 0.44375 0.0734375 0.04765625
3 0.07578125 0.43671875 0.1515625 0.0671875
3 0.125 0.440625 0.1015625 0.03828125
3 0.0203125 0.43515625 0.03359375 0.03203125
3 0.478125 0.465625 0.08671875 0.04765625
2 0.2390625 0.5 0.04140625 0.01640625
2 0.31640625 0.50078125 0.02265625 0.0203125
2 0.16875 0.49765625 0.03828125 0.01953125
2 0.20625 0.4984375 0.015625 0.01796875
2 0.034375 0.496875 0.01796875 0.01796875
2 0.05390625 0.50234375 0.015625 0.01796875
2 0.109375 0.5 0.01875 0.01640625
2 0.13125 0.49921875 0.01640625 0.01640625