1 0.2484375 0.9265625 0.02890625 0.03125
3 0.6265625 0.7921875 0.28203125 0.17109375
3 0.06953125 0.81796875 0.09296875 0.1015625
3 0.15859375 0.821875 0.0796875 0.1046875
3 0.8640625 0.83671875 0.07734375 0.08984375
3 0.29921875 0.840625 0.090625 0.05390625
3 0.4140625 0.84140625 0.12578125 0.065625
3 0.82578125 0.84453125 0.04609375 0.06328125
3 0.9125 0.846875 0.06171875 0.0734375
3 0.1046875 0.871875 0.040625 0.04375
3 0.35703125 0.89921875 0.06875 0.0703125
1 0.91953125 0.9078125 0.025 0.025
1 0.8421875 0.9234375 0.02421875 0.02109375