1 0.0484375 0.58515625 0.04375 0.065625
1 0.090625 0.596875 0.0234375 0.04375
1 0.98203125 0.62734375 0.034375 0.046875
1 0.14765625 0.6 0.021875 0.0234375
1 0.14765625 0.62265625 0.0140625 0.028125
1 0.225 0.5875 0.059375 0.0703125
1 0.27578125 0.59296875 0.034375 0.053125
1 0.31328125 0.603125 0.0546875 0.0453125
1 0.35859375 0.596875 0.0359375 0.059375
1 0.41328125 0.58671875 0.0734375 0.096875
1 0.5421875 0.6203125 0.046875 0.028125
1 0.65546875 0.59921875 0.059375 0.0953125
1 0.71484375 0.61796875 0.053125 0.05
1 0.78046875 0.6109375 0.0578125 0.0640625
1 0.85546875 0.6 0.0625 0.1140625
1 0.90546875 0.653125 0.1671875 0.1296875
1 0.9828125 0.7203125 0.03125 0.1
0 0.21875 0.6734375 0.0125 0.0171875
1 0.24140625 0.72265625 0.19375 0.15