1 0.0140625 0.50625 0.028125 0.0296875
1 0.0921875 0.496875 0.13125 0.071875
1 0.209375 0.49375 0.2375 0.0890625
1 0.346875 0.52265625 0.0546875 0.034375
1 0.52265625 0.5328125 0.0703125 0.0375
1 0.6375 0.52890625 0.128125 0.05
1 0.721875 0.53828125 0.121875 0.0421875
1 0.84453125 0.5765625 0.0453125 0.025
1 0.83203125 0.56484375 0.0375 0.01875
1 0.8078125 0.55859375 0.0125 0.015625
1 0.88359375 0.54609375 0.10625 0.0453125
1 0.95 0.53984375 0.0640625 0.1046875
1 0.98515625 0.5546875 0.0296875 0.04375