1 0.8421875 0.3796875 0.03046875 0.0515625
1 0.734375 0.36484375 0.02890625 0.034375
1 0.415625 0.34765625 0.04296875 0.0875
1 0.5734375 0.3578125 0.00859375 0.02109375
1 0.7765625 0.37421875 0.02578125 0.02890625
1 0.978125 0.3921875 0.03984375 0.0984375
1 0.48125 0.359375 0.02734375 0.0375
1 0.35 0.3328125 0.10234375 0.15703125
1 0.5234375 0.36171875 0.01171875 0.01796875
1 0.1828125 0.396875 0.14140625 0.11640625
1 0.5484375 0.3578125 0.02578125 0.0234375
1 0.90390625 0.38984375 0.06875 0.059375