1 0.2296875 0.359375 0.065625 0.09140625
1 0.5453125 0.3140625 0.0203125 0.075
1 0.13046875 0.378125 0.1125 0.1015625
1 0.025 0.40546875 0.05 0.0984375
1 0.58203125 0.32421875 0.0296875 0.115625
1 0.45 0.33671875 0.01640625 0.0515625
1 0.603125 0.32734375 0.04140625 0.115625
1 0.384375 0.29296875 0.01953125 0.178125
1 0.4 0.32421875 0.01484375 0.115625
1 0.70859375 0.3328125 0.05 0.134375
1 0.76875 0.38203125 0.08828125 0.10546875
1 0.8828125 0.3984375 0.11953125 0.128125
1 0.31640625 0.36796875 0.0859375 0.04453125