1 0.3 0.34609375 0.0421875 0.16640625
1 0.3875 0.40234375 0.01640625 0.03203125
1 0.4953125 0.37734375 0.053125 0.0375
1 0.0265625 0.340625 0.046875 0.2625
1 0.34296875 0.32890625 0.0390625 0.16640625
1 0.2296875 0.2984375 0.08125 0.26640625
1 0.5828125 0.31796875 0.025 0.171875
1 0.52265625 0.371875 0.0171875 0.009375
1 0.60234375 0.39921875 0.0203125 0.0265625
1 0.07734375 0.31171875 0.0640625 0.32890625
1 0.50078125 0.37734375 0.040625 0.02109375
1 0.9 0.31015625 0.19140625 0.615625
1 0.6296875 0.40390625 0.02734375 0.05546875