1 0.38984375 0.34921875 0.0125 0.040625
1 0.26953125 0.403125 0.028125 0.03046875
1 0.6515625 0.37734375 0.03203125 0.05390625
1 0.28515625 0.35546875 0.0171875 0.05546875
1 0.4046875 0.365625 0.0109375 0.015625
1 0.1703125 0.41328125 0.0296875 0.0375
1 0.3078125 0.29609375 0.04140625 0.153125
1 0.3234375 0.375 0.00859375 0.01640625
1 0.3515625 0.37109375 0.00390625 0.00546875
1 0.03125 0.43828125 0.03984375 0.0515625
1 0.61015625 0.36328125 0.04375 0.07109375
1 0.3390625 0.35625 0.01171875 0.040625
1 0.23984375 0.334375 0.065625 0.109375