1 0.5453125 0.36171875 0.03671875 0.059375
1 0.31328125 0.31953125 0.059375 0.1140625
1 0.66875 0.37421875 0.03515625 0.05390625
1 0.8140625 0.41171875 0.07421875 0.0734375
1 0.42265625 0.3734375 0.0234375 0.03359375
1 0.35625 0.36953125 0.01640625 0.01953125
1 0.4625 0.33515625 0.03359375 0.0625
1 0.040625 0.36171875 0.07578125 0.1484375
1 0.63125 0.375 0.03984375 0.0609375
1 0.2484375 0.30546875 0.07109375 0.171875
1 0.13359375 0.22890625 0.096875 0.371875
1 0.58203125 0.359375 0.0375 0.0640625
1 0.3875 0.3390625 0.06015625 0.04140625