1 0.58203125 0.396875 0.01875 0.028125
1 0.5359375 0.359375 0.04140625 0.01953125
1 0.31640625 0.3234375 0.065625 0.15859375
1 0.25234375 0.31640625 0.071875 0.2
1 0.4078125 0.325 0.04765625 0.125
1 0.215625 0.40546875 0.0671875 0.0390625
1 0.03046875 0.33203125 0.0515625 0.34453125
1 0.43828125 0.33125 0.0484375 0.10390625
1 0.7390625 0.3546875 0.06171875 0.115625
1 0.64140625 0.36484375 0.021875 0.0265625
1 0.67109375 0.36171875 0.0296875 0.05390625
1 0.34375 0.325 0.06953125 0.146875
1 0.475 0.33046875 0.02421875 0.09453125