1 0.4140625 0.31328125 0.028125 0.140625
1 0.49375 0.29375 0.0265625 0.159375
1 0.4640625 0.31328125 0.0125 0.12109375
1 0.4421875 0.3296875 0.01875 0.090625
1 0.93359375 0.3703125 0.028125 0.01796875
1 0.01875 0.396875 0.0125 0.00859375
1 0.55234375 0.325 0.0265625 0.096875
1 0.34375 0.33046875 0.03359375 0.1109375
1 0.7265625 0.36015625 0.015625 0.0125
1 0.6875 0.3234375 0.03359375 0.0890625
1 0.6015625 0.35546875 0.040625 0.025
1 0.378125 0.328125 0.02265625 0.09296875
1 0.315625 0.33359375 0.0234375 0.09453125
1 0.25859375 0.3203125 0.05 0.11796875