1 0.540625 0.32578125 0.04765625 0.25703125
1 0.9125 0.27265625 0.0734375 0.51796875
1 0.828125 0.28828125 0.05234375 0.45390625
1 0.78125 0.265625 0.03828125 0.475
1 0.6875 0.3578125 0.04453125 0.25703125
1 0.6171875 0.265625 0.09765625 0.403125
1 0.7359375 0.33515625 0.053125 0.3125
1 0.0765625 0.3625 0.01640625 0.0609375
1 0.0484375 0.346875 0.01796875 0.103125
1 0.11640625 0.34375 0.0390625 0.0984375
1 0.45078125 0.271875 0.125 0.35859375
1 0.1625 0.37734375 0.0359375 0.02890625
1 0.97578125 0.33125 0.040625 0.41796875