1 0.56015625 0.3703125 0.021875 0.040625
1 0.58828125 0.36796875 0.034375 0.0640625
1 0.9078125 0.49453125 0.08359375 0.11953125
1 0.82890625 0.46171875 0.0671875 0.10390625
1 0.47890625 0.37734375 0.0671875 0.02890625
1 0.7828125 0.46015625 0.021875 0.0625
1 0.69609375 0.421875 0.034375 0.05546875
1 0.2984375 0.390625 0.04609375 0.04609375
1 0.3828125 0.39453125 0.00546875 0.0109375
1 0.05390625 0.253125 0.1078125 0.44140625
1 0.175 0.328125 0.078125 0.21640625
1 0.62109375 0.29453125 0.03125 0.25
1 0.378125 0.3625 0.0359375 0.075