0 0.4234375 0.35390625 0.00625 0.01953125
1 0.4171875 0.3671875 0.01796875 0.0234375
1 0.3734375 0.35234375 0.00546875 0.009375
1 0.3375 0.353125 0.00703125 0.0109375
0 0.2875 0.35234375 0.00546875 0.0125
1 0.5390625 0.36015625 0.00859375 0.009375
1 0.57734375 0.359375 0.0078125 0.0125
1 0.4921875 0.35234375 0.009375 0.015625
1 0.26875 0.3828125 0.02578125 0.02890625
0 0.35859375 0.36171875 0.0046875 0.02109375
0 0.31328125 0.359375 0.003125 0.0125
0 0.3875 0.353125 0.00390625 0.0109375
1 0.1 0.31640625 0.1 0.153125
1 0.184375 0.321875 0.13046875 0.10390625