0 0.5671875 0.365625 0.00390625 0.02109375
0 0.20703125 0.38359375 0.00625 0.025
0 0.459375 0.35703125 0.00546875 0.021875
0 0.46953125 0.35703125 0.0046875 0.01640625
0 0.2078125 0.384375 0.003125 0.02890625
1 0.428125 0.359375 0.01171875 0.0125
0 0.2828125 0.378125 0.00546875 0.0140625
1 0.3390625 0.35546875 0.01171875 0.0390625
0 0.5671875 0.36484375 0.00703125 0.02890625
0 0.25859375 0.37578125 0.003125 0.02109375
1 0.3421875 0.35078125 0.009375 0.0484375
0 0.4828125 0.359375 0.00234375 0.00703125