1 0.31640625 0.35625 0.0328125 0.04296875
1 0.628125 0.359375 0.02421875 0.04609375
1 0.3484375 0.30390625 0.0171875 0.125
1 0.46875 0.3140625 0.0234375 0.0859375
1 0.5953125 0.32421875 0.02890625 0.090625
1 0.2828125 0.35546875 0.0359375 0.05859375
1 0.2546875 0.36796875 0.02421875 0.04453125
1 0.66171875 0.36015625 0.04375 0.059375
1 0.05625 0.3140625 0.06953125 0.26953125
1 0.2140625 0.3796875 0.04921875 0.04609375
1 0.52890625 0.35546875 0.0671875 0.04453125
1 0.93046875 0.3625 0.1234375 0.171875
1 0.15234375 0.39140625 0.0421875 0.046875
1 0.7453125 0.32421875 0.13984375 0.184375
1 0.36875 0.35078125 0.015625 0.02890625