1 0.5734375 0.303125 0.01640625 0.17109375
1 0.553125 0.38828125 0.0140625 0.015625
1 0.5875 0.371875 0.01640625 0.0359375
1 0.55 0.359375 0.0171875 0.034375
1 0.409375 0.34765625 0.01796875 0.0375
1 0.31015625 0.29140625 0.078125 0.20859375
1 0.2015625 0.303125 0.04375 0.23046875
1 0.60625 0.3953125 0.01171875 0.015625
1 0.50546875 0.365625 0.053125 0.03203125
1 0.3921875 0.3375 0.02109375 0.075
1 0.42578125 0.35625 0.0140625 0.02890625
1 0.8390625 0.38515625 0.12890625 0.1984375
1 0.64375 0.390625 0.02421875 0.0390625
1 0.6015625 0.3109375 0.01484375 0.16640625
1 0.09921875 0.4078125 0.0703125 0.08203125
1 0.10546875 0.27734375 0.1015625 0.3125
1 0.62265625 0.34296875 0.0203125 0.11953125
1 0.1703125 0.33515625 0.0453125 0.184375
1 0.046875 0.415625 0.09375 0.084375
1 0.38203125 0.33359375 0.0296875 0.103125