1 0.24453125 0.36875 0.0359375 0.0484375
1 0.4109375 0.371875 0.00703125 0.009375
1 0.0375 0.41171875 0.06640625 0.0875
1 0.09921875 0.40625 0.0375 0.0515625
1 0.4046875 0.384375 0.01171875 0.01640625
1 0.2109375 0.37734375 0.03046875 0.0625
1 0.578125 0.3640625 0.02578125 0.05546875
1 0.65234375 0.3234375 0.1109375 0.18046875
1 0.16640625 0.39375 0.0484375 0.0375
1 0.484375 0.325 0.04140625 0.09453125
1 0.55078125 0.334375 0.0234375 0.0875
1 0.78125 0.33046875 0.12890625 0.225
1 0.29609375 0.371875 0.0515625 0.03359375