1 0.14140625 0.35859375 0.0265625 0.15
1 0.625 0.2953125 0.06953125 0.240625
1 0.103125 0.346875 0.03125 0.18203125
1 0.67578125 0.3703125 0.071875 0.0484375
1 0.25859375 0.3328125 0.0375 0.1984375
1 0.3015625 0.31328125 0.040625 0.22890625
1 0.4046875 0.30234375 0.0359375 0.2484375
1 0.21875 0.321875 0.03359375 0.2234375
1 0.58984375 0.40078125 0.08125 0.03203125
1 0.4515625 0.303125 0.0453125 0.24453125
1 0.34609375 0.30390625 0.0375 0.25
1 0.8484375 0.3234375 0.06171875 0.146875
1 0.0640625 0.33125 0.0421875 0.2234375
1 0.178125 0.34609375 0.0375 0.178125