1 0.4609375 0.32890625 0.01328125 0.15859375
1 0.503125 0.321875 0.015625 0.178125
1 0.8125 0.4125 0.03515625 0.01640625
1 0.5421875 0.2953125 0.028125 0.2234375
1 0.340625 0.35078125 0.01953125 0.1125
1 0.2171875 0.321875 0.034375 0.196875
1 0.76875 0.409375 0.0375 0.01796875
1 0.4328125 0.325 0.0203125 0.1640625
1 0.40703125 0.334375 0.0140625 0.15390625
1 0.4828125 0.32578125 0.01640625 0.17109375
1 0.5921875 0.403125 0.04765625 0.01953125
1 0.3109375 0.346875 0.02890625 0.11953125
1 0.3640625 0.346875 0.01953125 0.11953125
1 0.3875 0.3453125 0.01796875 0.12890625