1 0.446875 0.35078125 0.02265625 0.03203125
1 0.2578125 0.31171875 0.04453125 0.20390625
1 0.6515625 0.378125 0.02109375 0.03359375
1 0.4171875 0.315625 0.02734375 0.12109375
1 0.3921875 0.3171875 0.04296875 0.12890625
1 0.1609375 0.3171875 0.07734375 0.23203125
1 0.2015625 0.315625 0.0703125 0.20390625
1 0.6109375 0.3546875 0.02109375 0.0515625
1 0.8046875 0.34765625 0.11640625 0.1765625
1 0.078125 0.43359375 0.0796875 0.053125
1 0.328125 0.29609375 0.08046875 0.20546875
1 0.109375 0.3015625 0.08515625 0.28359375
1 0.5703125 0.309375 0.0625 0.14453125
1 0.63125 0.3015625 0.01640625 0.175