1 0.1703125 0.3234375 0.01796875 0.25
1 0.08125 0.328125 0.05234375 0.2234375
1 0.29921875 0.28125 0.040625 0.340625
1 0.14140625 0.3375 0.028125 0.2109375
1 0.2078125 0.29140625 0.03046875 0.3109375
1 0.2453125 0.3046875 0.034375 0.3015625
1 0.02734375 0.33828125 0.0359375 0.19296875
1 0.42890625 0.32109375 0.01875 0.28359375
1 0.65546875 0.275 0.159375 0.421875
1 0.6265625 0.465625 0.1203125 0.08359375
1 0.96796875 0.43828125 0.05625 0.04609375
1 0.89375 0.42890625 0.05546875 0.0359375
1 0.49375 0.25 0.08671875 0.44140625
1 0.3546875 0.27109375 0.04453125 0.36953125