1 0.3546875 0.35859375 0.01171875 0.08046875
1 0.4703125 0.38125 0.01953125 0.015625
1 0.38125 0.3515625 0.025 0.0859375
1 0.5515625 0.384375 0.01640625 0.0109375
1 0.32890625 0.353125 0.025 0.0890625
1 0.4078125 0.3375 0.02265625 0.1
1 0.528125 0.384375 0.01640625 0.0109375
1 0.2703125 0.36875 0.01484375 0.0515625
1 0.44140625 0.35859375 0.0359375 0.06953125
1 0.296875 0.36484375 0.0125 0.0625
1 0.25 0.3546875 0.025 0.084375
1 0.68828125 0.3859375 0.0078125 0.0109375
1 0.28125 0.3515625 0.01484375 0.0890625