1 0.3984375 0.3796875 0.02890625 0.040625
1 0.4421875 0.375 0.00703125 0.01953125
1 0.2796875 0.35234375 0.08984375 0.1484375
1 0.478125 0.3734375 0.01953125 0.03046875
1 0.4921875 0.3734375 0.00859375 0.021875
1 0.6296875 0.3765625 0.0203125 0.0359375
1 0.34140625 0.36640625 0.021875 0.078125
1 0.7 0.390625 0.01171875 0.0265625
1 0.74375 0.3859375 0.04921875 0.0609375
1 0.159375 0.4046875 0.11015625 0.09609375
1 0.925 0.39140625 0.1453125 0.2
1 0.67109375 0.3796875 0.028125 0.0515625
1 0.64296875 0.3828125 0.009375 0.02109375
1 0.8125 0.403125 0.06796875 0.103125