1 0.953125 0.415625 0.07421875 0.1484375
1 0.0625 0.34140625 0.11953125 0.26953125
1 0.45 0.35703125 0.01015625 0.021875
1 0.171875 0.38125 0.08203125 0.090625
1 0.7390625 0.290625 0.03671875 0.228125
1 0.41796875 0.34921875 0.028125 0.0484375
1 0.6765625 0.37109375 0.03203125 0.05
1 0.6515625 0.36796875 0.025 0.04453125
1 0.4359375 0.3578125 0.01328125 0.0234375
1 0.6296875 0.365625 0.02109375 0.046875
1 0.3171875 0.36875 0.03984375 0.0375
1 0.34921875 0.371875 0.0203125 0.0234375
1 0.69921875 0.3375 0.025 0.128125
1 0.82109375 0.396875 0.075 0.09296875