1 0.4234375 0.365625 0.01015625 0.021875
1 0.5109375 0.371875 0.04296875 0.028125
1 0.34140625 0.32734375 0.0421875 0.12890625
1 0.103125 0.334375 0.05859375 0.20390625
1 0.55 0.390625 0.025 0.03203125
1 0.5125 0.3734375 0.02890625 0.01953125
1 0.40390625 0.36875 0.0140625 0.01796875
1 0.0578125 0.42578125 0.0515625 0.03203125
1 0.46875 0.36875 0.0046875 0.0125
1 0.440625 0.371875 0.00625 0.009375
1 0.1828125 0.31640625 0.06875 0.20546875
1 0.2875 0.32890625 0.06484375 0.14453125
1 0.4609375 0.36875 0.01015625 0.0125
1 0.6265625 0.375 0.08203125 0.15546875