1 0.1421875 0.38046875 0.02109375 0.01953125
1 0.0671875 0.40078125 0.06171875 0.0484375
1 0.1234375 0.346875 0.02265625 0.103125
1 0.18046875 0.38046875 0.0296875 0.021875
1 0.27421875 0.36328125 0.025 0.0265625
1 0.30234375 0.36328125 0.0203125 0.0234375
1 0.01015625 0.3875 0.0203125 0.025
1 0.1703125 0.3859375 0.021875 0.028125
1 0.9828125 0.375 0.034375 0.053125
1 0.88046875 0.36796875 0.0296875 0.03359375
1 0.790625 0.37734375 0.040625 0.0265625
1 0.64375 0.36328125 0.01640625 0.01796875
1 0.3984375 0.384375 0.04453125 0.0625
1 0.32890625 0.36015625 0.0234375 0.01796875
1 0.484375 0.36015625 0.01171875 0.01796875
1 0.5015625 0.3625 0.0203125 0.01640625