1 0.89296875 0.22421875 0.18125 0.43203125
1 0.05 0.37109375 0.01484375 0.075
1 0.19609375 0.34140625 0.0390625 0.1
1 0.59375 0.2765625 0.103125 0.296875
1 0.753125 0.271875 0.07109375 0.3375
1 0.9421875 0.2421875 0.096875 0.434375
0 0.0515625 0.5515625 0.0453125 0.05546875
0 0.05234375 0.5453125 0.0234375 0.0515625
0 0.7625 0.4203125 0.00546875 0.04609375
0 0.2421875 0.43203125 0.00625 0.01640625
1 0.6734375 0.31875 0.03984375 0.21796875
1 0.13515625 0.35078125 0.0328125 0.10703125
1 0.853125 0.2625 0.07265625 0.378125
1 0.246875 0.37734375 0.0375 0.0234375