1 0.134375 0.31328125 0.07734375 0.21796875
1 0.565625 0.3015625 0.01953125 0.15546875
1 0.578125 0.36953125 0.01015625 0.021875
1 0.29453125 0.25703125 0.0640625 0.2609375
1 0.103125 0.40234375 0.07421875 0.04609375
1 0.4421875 0.35703125 0.05625 0.01640625
1 0.5984375 0.371875 0.0203125 0.02890625
1 0.359375 0.31484375 0.03203125 0.12109375
1 0.4125 0.34921875 0.01328125 0.01796875
1 0.25625 0.33515625 0.0484375 0.12890625
1 0.05 0.41953125 0.0453125 0.03046875
1 0.21171875 0.31328125 0.0609375 0.184375
1 0.65625 0.371875 0.03515625 0.05546875
1 0.54453125 0.3078125 0.025 0.140625
1 0.709375 0.359375 0.08046875 0.10546875