1 0.384375 0.3078125 0.01796875 0.1265625
1 0.2984375 0.36015625 0.03984375 0.0515625
1 0.565625 0.36640625 0.053125 0.028125
1 0.34140625 0.35078125 0.0421875 0.0625
1 0.4140625 0.328125 0.01171875 0.08046875
1 0.61796875 0.34609375 0.025 0.09140625
1 0.1171875 0.38828125 0.04921875 0.040625
1 0.665625 0.378125 0.05546875 0.05859375
1 0.2015625 0.378125 0.05859375 0.04296875
1 0.25625 0.36328125 0.040625 0.05390625
1 0.9109375 0.38828125 0.1484375 0.19296875
1 0.5015625 0.3625 0.01796875 0.0109375