1 0.1546875 0.365625 0.05625 0.17890625
1 0.23203125 0.378125 0.1125 0.04609375
1 0.91015625 0.5375 0.065625 0.06953125
1 0.45390625 0.3484375 0.0203125 0.0390625
1 0.08828125 0.29140625 0.06875 0.34140625
1 0.51640625 0.35078125 0.065625 0.034375
1 0.9453125 0.2796875 0.1078125 0.559375
1 0.39609375 0.346875 0.0421875 0.05390625
1 0.36328125 0.36875 0.0296875 0.034375
1 0.0515625 0.2875 0.10234375 0.39453125
1 0.675 0.3453125 0.05 0.0625
1 0.3265625 0.37265625 0.03515625 0.034375
1 0.7703125 0.34375 0.11328125 0.12890625