1 0.49375 0.353125 0.03671875 0.05859375
1 0.28359375 0.3625 0.03125 0.0140625
1 0.41875 0.33984375 0.02109375 0.0515625
1 0.23125 0.3671875 0.0234375 0.0234375
1 0.728125 0.35859375 0.1421875 0.153125
1 0.284375 0.35703125 0.04140625 0.021875
1 0.534375 0.3546875 0.0390625 0.059375
1 0.115625 0.37734375 0.046875 0.0515625
1 0.14375 0.3828125 0.02734375 0.03203125
1 0.18125 0.34921875 0.01484375 0.07890625
1 0.3234375 0.37421875 0.00859375 0.015625
1 0.259375 0.359375 0.01796875 0.02890625
1 0.165625 0.37734375 0.02265625 0.03203125
1 0.196875 0.334375 0.01953125 0.10703125
1 0.115625 0.33125 0.03359375 0.1984375