1 0.50234375 0.415625 0.0875 0.0265625
1 0.10390625 0.3328125 0.040625 0.1734375
1 0.32578125 0.29921875 0.0265625 0.2515625
1 0.409375 0.2515625 0.08359375 0.34453125
1 0.5140625 0.259375 0.04140625 0.27109375
1 0.2046875 0.31171875 0.03984375 0.2234375
1 0.29296875 0.30859375 0.0296875 0.23359375
1 0.16171875 0.33515625 0.0375 0.17109375
1 0.571875 0.39140625 0.05859375 0.04453125
1 0.7875 0.415625 0.05234375 0.0265625
1 0.24375 0.31953125 0.02890625 0.2109375
1 0.0609375 0.34609375 0.03359375 0.14453125
1 0.7328125 0.41171875 0.04140625 0.0234375