1 0.2859375 0.3953125 0.02265625 0.01796875
1 0.30859375 0.38984375 0.0265625 0.03203125
1 0.48828125 0.3234375 0.0109375 0.10546875
1 0.93984375 0.27890625 0.109375 0.478125
1 0.334375 0.371875 0.03515625 0.0515625
1 0.36875 0.36796875 0.0265625 0.0359375
1 0.840625 0.23671875 0.09609375 0.45390625
1 0.2234375 0.403125 0.03828125 0.046875
1 0.71484375 0.253125 0.1125 0.31640625
1 0.4546875 0.32109375 0.01484375 0.09140625
1 0.59375 0.29921875 0.034375 0.115625
1 0.44375 0.36015625 0.01015625 0.01796875
1 0.034375 0.4171875 0.0484375 0.159375