1 0.3984375 0.3703125 0.021875 0.02890625
1 0.25078125 0.390625 0.0296875 0.0375
1 0.3140625 0.38359375 0.00859375 0.028125
1 0.36015625 0.371875 0.0203125 0.0359375
1 0.69375 0.39453125 0.04296875 0.04453125
1 0.290625 0.3828125 0.03359375 0.04296875
1 0.3375 0.38515625 0.03125 0.01796875
1 0.1328125 0.39296875 0.07578125 0.078125
1 0.5734375 0.378125 0.04375 0.0234375
1 0.9484375 0.43046875 0.0921875 0.16953125
1 0.59765625 0.35625 0.025 0.07109375
1 0.37890625 0.371875 0.021875 0.03359375
1 0.546875 0.34140625 0.0296875 0.0890625