1 0.0453125 0.3796875 0.0828125 0.1515625
1 0.54140625 0.36484375 0.00625 0.00703125
1 0.609375 0.34375 0.03046875 0.0625
1 0.50546875 0.3640625 0.0109375 0.01640625
1 0.1671875 0.32578125 0.13359375 0.20703125
1 0.36640625 0.3203125 0.0828125 0.15703125
1 0.446875 0.35390625 0.02578125 0.0359375
1 0.4046875 0.3203125 0.0484375 0.115625
1 0.2453125 0.34921875 0.15234375 0.14609375
1 0.646875 0.346875 0.03359375 0.05390625
1 0.4859375 0.28671875 0.040625 0.15703125
1 0.5796875 0.346875 0.02578125 0.0359375