1 0.109375 0.42265625 0.071875 0.0375
1 0.53203125 0.378125 0.034375 0.0234375
1 0.01796875 0.446875 0.0359375 0.0234375
1 0.325 0.334375 0.05859375 0.15
1 0.5609375 0.35234375 0.02421875 0.07890625
1 0.2859375 0.39375 0.053125 0.03203125
1 0.62890625 0.415625 0.01875 0.01953125
1 0.2046875 0.309375 0.0703125 0.23359375
1 0.60078125 0.3984375 0.0109375 0.028125
1 0.784375 0.3890625 0.13203125 0.19140625
1 0.36875 0.353125 0.0734375 0.14296875
1 0.6140625 0.40078125 0.01796875 0.03203125
1 0.06171875 0.4390625 0.0546875 0.021875