1 0.21875 0.31875 0.0703125 0.2234375
1 0.584375 0.38046875 0.05390625 0.03359375
1 0.3921875 0.38046875 0.01953125 0.025
1 0.4546875 0.3703125 0.01640625 0.0265625
1 0.478125 0.37578125 0.00625 0.009375
1 0.665625 0.29140625 0.0375 0.26640625
1 0.50625 0.371875 0.02109375 0.0140625
1 0.628125 0.37265625 0.03203125 0.059375
1 0.7546875 0.440625 0.034375 0.046875
1 0.875 0.490625 0.03671875 0.0859375
1 0.29296875 0.3015625 0.075 0.23359375
1 0.025 0.26015625 0.05 0.4671875
1 0.4171875 0.36875 0.0359375 0.0484375
1 0.94765625 0.5015625 0.1015625 0.15
1 0.184375 0.471875 0.05390625 0.0640625
1 0.5453125 0.37421875 0.01640625 0.009375
1 0.053125 0.32734375 0.09140625 0.2765625
1 0.16484375 0.31640625 0.0890625 0.25