1 0.38984375 0.33125 0.0328125 0.14609375
1 0.590625 0.3609375 0.01796875 0.09453125
1 0.1984375 0.3140625 0.02890625 0.1859375
1 0.184375 0.403125 0.04609375 0.03203125
1 0.271875 0.35390625 0.03046875 0.09453125
1 0.5109375 0.30546875 0.0328125 0.21953125
1 0.565625 0.31796875 0.03046875 0.175
1 0.3046875 0.34375 0.02734375 0.115625
1 0.234375 0.33046875 0.02890625 0.146875
1 0.625 0.39296875 0.03984375 0.03359375
1 0.428125 0.32578125 0.034375 0.15703125
1 0.3546875 0.3453125 0.03359375 0.11796875
1 0.55078125 0.3953125 0.040625 0.01796875
1 0.4703125 0.3203125 0.0390625 0.1765625