1 0.39453125 0.35078125 0.015625 0.01796875
1 0.475 0.359375 0.05078125 0.015625
1 0.5765625 0.28671875 0.03984375 0.20703125
1 0.54609375 0.296875 0.028125 0.17890625
1 0.04375 0.4109375 0.0765625 0.046875
1 0.5375 0.35 0.0125 0.01953125
1 0.60234375 0.378125 0.0171875 0.028125
1 0.1609375 0.3 0.05390625 0.23359375
1 0.91875 0.39375 0.16015625 0.25703125
1 0.63515625 0.3859375 0.025 0.04140625
1 0.1984375 0.22265625 0.08515625 0.3734375
1 0.7734375 0.3984375 0.07421875 0.096875
1 0.13203125 0.309375 0.0796875 0.234375