1 0.5671875 0.40078125 0.0484375 0.015625
1 0.5109375 0.2875 0.040625 0.25859375
1 0.63515625 0.38984375 0.04375 0.040625
1 0.22734375 0.35 0.0359375 0.11640625
1 0.346875 0.321875 0.03984375 0.16953125
1 0.3859375 0.3171875 0.0234375 0.184375
1 0.75078125 0.4015625 0.0484375 0.01953125
1 0.265625 0.34375 0.03671875 0.134375
1 0.459375 0.31640625 0.03828125 0.1890625
1 0.80390625 0.4046875 0.0375 0.02109375
1 0.1625 0.31015625 0.0203125 0.22890625
1 0.41875 0.3171875 0.03515625 0.1875
1 0.30390625 0.34765625 0.0375 0.1265625