1 0.7234375 0.31640625 0.03046875 0.0859375
1 0.61484375 0.340625 0.0359375 0.021875
1 0.8265625 0.32109375 0.0296875 0.128125
1 0.653125 0.3453125 0.00546875 0.009375
1 0.796875 0.33203125 0.053125 0.09453125
1 0.578125 0.31484375 0.040625 0.090625
1 0.9515625 0.459375 0.08359375 0.10859375
1 0.2203125 0.296875 0.3078125 0.25390625
1 0.64375 0.346875 0.00546875 0.009375
1 0.646875 0.35625 0.01328125 0.0125
1 0.89140625 0.23984375 0.215625 0.47890625
1 0.771875 0.30625 0.06328125 0.10390625
1 0.49453125 0.30390625 0.1484375 0.14453125