1 0.309375 0.38671875 0.01796875 0.0234375
1 0.2484375 0.36953125 0.05234375 0.03359375
1 0.59375 0.346875 0.0234375 0.0734375
1 0.32109375 0.35546875 0.0328125 0.05
1 0.28828125 0.3609375 0.0328125 0.04453125
1 0.484375 0.36171875 0.00390625 0.009375
1 0.4625 0.365625 0.01328125 0.02109375
1 0.2703125 0.40546875 0.028125 0.03359375
1 0.196875 0.3796875 0.04140625 0.04296875
1 0.746875 0.36875 0.06328125 0.1234375
1 0.3546875 0.35546875 0.0453125 0.04453125
1 0.66875 0.3390625 0.07265625 0.15859375