1 0.26640625 0.3171875 0.075 0.18203125
1 0.546875 0.346875 0.021875 0.04609375
1 0.0296875 0.42578125 0.059375 0.0671875
1 0.2296875 0.315625 0.08828125 0.196875
1 0.09140625 0.340625 0.09375 0.215625
1 0.92421875 0.41484375 0.15 0.40390625
1 0.490625 0.36015625 0.01015625 0.01796875
1 0.59765625 0.38125 0.0203125 0.03203125
1 0.30625 0.3109375 0.06484375 0.175
1 0.0734375 0.421875 0.07109375 0.0640625
1 0.5171875 0.35390625 0.02890625 0.021875
1 0.81171875 0.24765625 0.0765625 0.4953125
1 0.6625 0.3703125 0.0734375 0.14609375
1 0.7515625 0.26484375 0.04453125 0.40390625
1 0.45 0.35546875 0.01796875 0.025
1 0.453125 0.3796875 0.01171875 0.01796875
1 0.215625 0.39140625 0.08359375 0.0609375