1 0.64375 0.37109375 0.05 0.06640625
1 0.2796875 0.3640625 0.034375 0.0359375
1 0.58828125 0.35703125 0.0484375 0.06640625
1 0.2203125 0.371875 0.02890625 0.03046875
1 0.321875 0.353125 0.02421875 0.034375
1 0.1921875 0.375 0.02734375 0.0390625
1 0.121875 0.384375 0.05390625 0.046875
1 0.54453125 0.34375 0.01875 0.06796875
1 0.30546875 0.359375 0.0171875 0.021875
1 0.2484375 0.3671875 0.02734375 0.0265625
1 0.925 0.4140625 0.1484375 0.20859375
1 0.3546875 0.37578125 0.01015625 0.009375
1 0.05625 0.3796875 0.0875 0.07890625
1 0.1640625 0.378125 0.03515625 0.0375
1 0.4359375 0.365625 0.01015625 0.015625
1 0.34375 0.3828125 0.0140625 0.015625
1 0.4859375 0.32265625 0.02890625 0.0625