1 0.81875 0.35078125 0.03828125 0.09296875
1 0.5359375 0.321875 0.0296875 0.08359375
1 0.7609375 0.36015625 0.015625 0.04609375
1 0.13125 0.29765625 0.09375 0.284375
1 0.21640625 0.284375 0.1984375 0.309375
1 0.41875 0.28046875 0.05546875 0.15546875
1 0.4421875 0.36953125 0.00859375 0.0109375
1 0.3953125 0.33828125 0.02109375 0.0625
1 0.78125 0.34296875 0.02421875 0.0859375
1 0.0515625 0.36796875 0.090625 0.246875
1 0.4859375 0.359375 0.0109375 0.015625
1 0.878125 0.37734375 0.05390625 0.07890625
1 0.646875 0.3078125 0.04296875 0.1234375
1 0.34921875 0.265625 0.0625 0.25390625