1 0.375 0.328125 0.01328125 0.103125
1 0.54140625 0.2984375 0.0171875 0.15546875
1 0.31640625 0.37578125 0.028125 0.0265625
1 0.521875 0.3578125 0.01953125 0.0234375
1 0.40625 0.3515625 0.01328125 0.03046875
1 0.1515625 0.3359375 0.0859375 0.19453125
1 0.265625 0.32578125 0.03203125 0.159375
1 0.090625 0.415625 0.06953125 0.0515625
1 0.22421875 0.33046875 0.053125 0.15546875
1 0.58125 0.359375 0.0328125 0.0515625
1 0.66484375 0.359375 0.0625 0.096875
1 0.3609375 0.321875 0.01484375 0.12109375
1 0.4390625 0.353125 0.01015625 0.01796875