1 0.08828125 0.3484375 0.028125 0.1109375
1 0.28828125 0.37734375 0.028125 0.02109375
1 0.2484375 0.37265625 0.02734375 0.0265625
0 0.38125 0.346875 0.0015625 0.009375
0 0.46171875 0.35625 0.003125 0.015625
0 0.3875 0.346875 0.00390625 0.0140625
0 0.51640625 0.34921875 0.00625 0.01796875
0 0.48203125 0.34921875 0.0046875 0.015625
1 0.415625 0.353125 0.00703125 0.0125
1 0.45546875 0.346875 0.009375 0.0140625
1 0.36171875 0.3640625 0.0203125 0.025
1 0.25390625 0.315625 0.0484375 0.115625
1 0.5578125 0.32421875 0.05859375 0.090625