1 0.53671875 0.34765625 0.021875 0.034375
1 0.671875 0.35546875 0.0203125 0.03046875
1 0.33828125 0.37734375 0.0640625 0.05390625
1 0.55546875 0.353125 0.015625 0.01953125
1 0.44296875 0.3578125 0.021875 0.04296875
1 0.2296875 0.3421875 0.0703125 0.1625
1 0.95 0.26953125 0.0859375 0.39453125
1 0.75703125 0.359375 0.0765625 0.0890625
1 0.4078125 0.3546875 0.05390625 0.065625
1 0.8140625 0.38046875 0.17265625 0.08046875
1 0.034375 0.6046875 0.05390625 0.140625
1 0.50078125 0.353125 0.0203125 0.0265625