1 0.7609375 0.3171875 0.04296875 0.13203125
1 0.2171875 0.33984375 0.03046875 0.12109375
1 0.153125 0.3734375 0.05078125 0.0390625
1 0.3234375 0.3109375 0.0359375 0.178125
1 0.8140625 0.36875 0.03515625 0.01796875
1 0.30625 0.3234375 0.03046875 0.14140625
1 0.24296875 0.3421875 0.028125 0.10390625
0 0.134375 0.421875 0.01484375 0.0234375
1 0.64296875 0.3625 0.046875 0.05
1 0.5765625 0.30625 0.05390625 0.1765625
1 0.4375 0.29375 0.02734375 0.209375
1 0.4171875 0.303125 0.040625 0.18203125
1 0.26953125 0.3125 0.0390625 0.16640625
1 0.4765625 0.26640625 0.065625 0.2609375
1 0.165625 0.315625 0.05 0.16796875
1 0.55 0.328125 0.05546875 0.1390625
1 0.5953125 0.33359375 0.040625 0.1109375
1 0.3703125 0.3046875 0.05078125 0.19296875