1 0.69375 0.27890625 0.01953125 0.26953125
1 0.040625 0.32421875 0.08046875 0.29296875
1 0.2265625 0.26875 0.128125 0.3125
1 0.6375 0.27109375 0.01796875 0.221875
1 0.7640625 0.42734375 0.03046875 0.04609375
1 0.38125 0.3203125 0.040625 0.15390625
1 0.4671875 0.353125 0.015625 0.01953125
1 0.7203125 0.39921875 0.046875 0.0734375
1 0.72734375 0.40546875 0.034375 0.05
1 0.56875 0.3609375 0.05234375 0.03359375
1 0.30234375 0.31171875 0.0765625 0.19296875
1 0.06484375 0.29453125 0.0953125 0.33046875
1 0.740625 0.4234375 0.025 0.04140625