1 0.13046875 0.296875 0.0796875 0.215625
1 0.4046875 0.353125 0.02109375 0.0234375
1 0.6703125 0.296875 0.09296875 0.315625
1 0.215625 0.3921875 0.03203125 0.02890625
1 0.27734375 0.28828125 0.0703125 0.19296875
1 0.1078125 0.390625 0.04375 0.0375
1 0.58046875 0.37265625 0.021875 0.040625
1 0.384375 0.31953125 0.02578125 0.1
1 0.0421875 0.30078125 0.07109375 0.234375
1 0.546875 0.2953125 0.02421875 0.16796875
1 0.5609375 0.35625 0.01796875 0.0234375
1 0.44609375 0.35859375 0.0078125 0.0109375
1 0.5703125 0.3015625 0.015625 0.16640625
1 0.22578125 0.296875 0.05 0.18203125
1 0.3140625 0.31484375 0.05 0.12109375
1 0.1953125 0.30546875 0.03984375 0.18046875
1 0.375 0.31640625 0.03515625 0.10546875