0 0.3875 0.4375 0.00859375 0.0140625
0 0.24375 0.4953125 0.01640625 0.040625
1 0.946875 0.35390625 0.059375 0.2609375
1 0.85234375 0.325 0.0578125 0.30546875
1 0.79375 0.35703125 0.07109375 0.2
1 0.69765625 0.30078125 0.1078125 0.29609375
0 0.33125 0.44296875 0.00703125 0.01953125
1 0.171875 0.36640625 0.00859375 0.06640625
1 0.3140625 0.34140625 0.03984375 0.10859375
1 0.2875 0.25546875 0.09609375 0.5109375
0 0.58125 0.41953125 0.00859375 0.0140625
1 0.26328125 0.36015625 0.025 0.08203125
1 0.359375 0.3828125 0.03828125 0.03203125