1 0.75859375 0.284375 0.040625 0.328125
1 0.5734375 0.365625 0.05390625 0.04296875
1 0.7234375 0.40546875 0.0265625 0.0359375
1 0.725 0.4328125 0.01953125 0.02109375
1 0.178125 0.24296875 0.12734375 0.375
1 0.4109375 0.378125 0.01640625 0.0265625
1 0.690625 0.290625 0.02890625 0.259375
1 0.6125 0.36015625 0.04765625 0.05703125
1 0.83125 0.43828125 0.06484375 0.07890625
1 0.665625 0.390625 0.02109375 0.0375
1 0.3671875 0.31875 0.02109375 0.1375
1 0.63125 0.278125 0.02734375 0.246875
1 0.5703125 0.3921875 0.01640625 0.02109375