1 0.2359375 0.38359375 0.02890625 0.025
1 0.409375 0.353125 0.015625 0.0265625
1 0.5296875 0.36328125 0.0515625 0.0234375
1 0.14453125 0.396875 0.0375 0.0390625
1 0.390625 0.35703125 0.0109375 0.03046875
1 0.27578125 0.375 0.0359375 0.03046875
1 0.3296875 0.36171875 0.02578125 0.040625
1 0.20234375 0.37421875 0.0546875 0.065625
1 0.51953125 0.32109375 0.028125 0.09453125
1 0.5890625 0.3234375 0.04140625 0.11640625
1 0.66875 0.36328125 0.06328125 0.0875
1 0.30390625 0.36796875 0.0203125 0.0390625
1 0.43125 0.3296875 0.0109375 0.065625
1 0.3578125 0.359375 0.02734375 0.0390625