1 0.31796875 0.3546875 0.01875 0.10703125
1 0.8234375 0.40390625 0.0390625 0.021875
1 0.41640625 0.3171875 0.0421875 0.1984375
1 0.190625 0.321875 0.05625 0.17890625
1 0.37265625 0.32265625 0.0359375 0.18203125
1 0.28828125 0.33828125 0.0328125 0.14296875
1 0.253125 0.353125 0.02734375 0.115625
1 0.13515625 0.30390625 0.03125 0.25859375
1 0.45390625 0.31953125 0.0265625 0.19140625
1 0.340625 0.340625 0.0234375 0.14453125
1 0.690625 0.39375 0.05 0.0375
1 0.6015625 0.40859375 0.06484375 0.0359375
1 0.62421875 0.29921875 0.06875 0.25390625
1 0.8703125 0.41015625 0.0421875 0.0234375
1 0.4890625 0.303125 0.03359375 0.2234375
1 0.5421875 0.2703125 0.04921875 0.2734375