1 0.409375 0.35078125 0.01953125 0.0265625
1 0.896875 0.43125 0.20390625 0.42890625
1 0.7453125 0.42734375 0.0171875 0.0515625
1 0.77578125 0.42890625 0.040625 0.096875
1 0.33125 0.3265625 0.03671875 0.13046875
1 0.375 0.359375 0.02734375 0.0375
1 0.6828125 0.396875 0.03203125 0.04140625
1 0.065625 0.25078125 0.11640625 0.4125
1 0.59921875 0.2453125 0.0296875 0.259375
1 0.2953125 0.33125 0.03671875 0.134375
1 0.434375 0.35078125 0.01171875 0.01796875
1 0.23515625 0.296875 0.0765625 0.2234375
1 0.6203125 0.3578125 0.03515625 0.0734375