1 0.2796875 0.37109375 0.06015625 0.071875
1 0.3328125 0.36171875 0.03515625 0.0515625
1 0.23828125 0.24609375 0.0421875 0.34453125
1 0.740625 0.36015625 0.07734375 0.109375
1 0.67265625 0.3171875 0.0609375 0.14296875
1 0.884375 0.41953125 0.14140625 0.08046875
1 0.18359375 0.253125 0.06875 0.3609375
1 0.0953125 0.4359375 0.06328125 0.0640625
1 0.95625 0.2609375 0.07890625 0.50546875
1 0.5875 0.290625 0.03984375 0.10859375
1 0.43984375 0.321875 0.015625 0.09296875
1 0.040625 0.2359375 0.03984375 0.46640625