1 0.4 0.31640625 0.03359375 0.1859375
1 0.21015625 0.328125 0.0265625 0.16953125
1 0.15078125 0.3515625 0.028125 0.121875
1 0.353125 0.31328125 0.03046875 0.190625
1 0.53125 0.4046875 0.0859375 0.040625
1 0.7265625 0.4 0.0296875 0.01953125
1 0.43125 0.28984375 0.0296875 0.24609375
1 0.3265625 0.31015625 0.03828125 0.19609375
1 0.67890625 0.396875 0.0375 0.01953125
1 0.2484375 0.33828125 0.034375 0.14609375
1 0.0921875 0.31640625 0.03046875 0.221875
1 0.3796875 0.31484375 0.03203125 0.190625
1 0.27265625 0.3296875 0.0234375 0.1625
1 0.30625 0.328125 0.03125 0.159375
1 0.45546875 0.30546875 0.0359375 0.2109375
1 0.1875 0.34453125 0.02421875 0.1359375