1 0.0609375 0.34453125 0.10390625 0.228125
1 0.390625 0.36953125 0.02734375 0.04140625
1 0.68828125 0.36875 0.025 0.0484375
1 0.5546875 0.33984375 0.03046875 0.0875
1 0.74140625 0.38203125 0.0421875 0.05859375
1 0.596875 0.31953125 0.03046875 0.125
1 0.5078125 0.334375 0.02421875 0.0625
1 0.7109375 0.3765625 0.02734375 0.04453125
1 0.328125 0.2921875 0.06640625 0.21796875
1 0.20859375 0.31328125 0.1546875 0.23203125
1 0.41015625 0.28828125 0.046875 0.15390625
1 0.46328125 0.35078125 0.0234375 0.04296875