1 0.478125 0.353125 0.01015625 0.021875
1 0.66875 0.30859375 0.03125 0.153125
1 0.9609375 0.38046875 0.07734375 0.31953125
1 0.46796875 0.353125 0.009375 0.021875
1 0.18515625 0.34140625 0.121875 0.1640625
1 0.75234375 0.38046875 0.06875 0.06640625
1 0.6984375 0.37421875 0.03046875 0.059375
1 0.275 0.36640625 0.04375 0.0609375
1 0.640625 0.365625 0.01484375 0.03203125
1 0.61875 0.35546875 0.02578125 0.04140625
1 0.8609375 0.38359375 0.12109375 0.14453125
1 0.3640625 0.35625 0.03671875 0.04609375
1 0.0578125 0.40078125 0.10390625 0.10390625
1 0.45 0.35234375 0.02890625 0.03203125