1 0.621875 0.36640625 0.01796875 0.03359375
1 0.684375 0.3796875 0.04296875 0.04609375
1 0.365625 0.3265625 0.03828125 0.0890625
1 0.75234375 0.384375 0.05625 0.07890625
1 0.4421875 0.359375 0.00703125 0.0109375
1 0.56875 0.35703125 0.02265625 0.03359375
1 0.2828125 0.2734375 0.0515625 0.20859375
1 0.415625 0.33984375 0.040625 0.03203125
1 0.46875 0.3609375 0.009375 0.0109375
1 0.32734375 0.3390625 0.0453125 0.0609375
1 0.4671875 0.328125 0.040625 0.053125
1 0.5953125 0.3609375 0.0265625 0.046875
1 0.5390625 0.3578125 0.0203125 0.0375
1 0.24375 0.36328125 0.03828125 0.0625
1 0.49375 0.340625 0.0265625 0.0390625