1 0.34921875 0.38828125 0.103125 0.04609375
1 0.14375 0.378125 0.09765625 0.1140625
1 0.38984375 0.353125 0.0203125 0.021875
1 0.93671875 0.40078125 0.1140625 0.1625
1 0.35 0.37734375 0.11328125 0.084375
1 0.03125 0.39765625 0.053125 0.12890625
1 0.4109375 0.36953125 0.0109375 0.0140625
1 0.5953125 0.31640625 0.03828125 0.121875
1 0.27421875 0.37109375 0.0375 0.05546875
1 0.62265625 0.37265625 0.0453125 0.0265625
1 0.42578125 0.36640625 0.0140625 0.0140625
1 0.778125 0.3796875 0.06796875 0.0515625