1 0.33984375 0.33203125 0.0421875 0.15
1 0.740625 0.403125 0.04375 0.053125
1 0.0515625 0.4296875 0.10234375 0.090625
1 0.20234375 0.30703125 0.0859375 0.24140625
1 0.8828125 0.24375 0.10859375 0.4875
1 0.1671875 0.409375 0.1 0.08203125
1 0.81953125 0.3796875 0.0546875 0.140625
1 0.62734375 0.3625 0.0515625 0.028125
1 0.77578125 0.253125 0.034375 0.3484375
1 0.63046875 0.4359375 0.0390625 0.05859375
1 0.096875 0.2765625 0.12265625 0.36953125
1 0.46640625 0.35703125 0.0203125 0.025
1 0.69921875 0.24765625 0.028125 0.3265625
1 0.503125 0.3546875 0.0125 0.02109375
1 0.671875 0.3546875 0.03359375 0.059375
1 0.28046875 0.43828125 0.0546875 0.07109375