1 0.59140625 0.3625 0.0109375 0.0109375
1 0.4859375 0.3703125 0.11171875 0.059375
1 0.5765625 0.35703125 0.01484375 0.021875
1 0.340625 0.37421875 0.03359375 0.0375
1 0.6109375 0.365625 0.01953125 0.02109375
1 0.8828125 0.2328125 0.11640625 0.440625
1 0.1375 0.309375 0.08359375 0.32890625
1 0.2453125 0.4046875 0.06328125 0.040625
1 0.734375 0.35078125 0.103125 0.09609375
1 0.6421875 0.35078125 0.0390625 0.059375
1 0.059375 0.45234375 0.1109375 0.0875
1 0.965625 0.40703125 0.06171875 0.16640625
1 0.3765625 0.34765625 0.03515625 0.07109375