1 0.4828125 0.378125 0.01015625 0.0140625
1 0.1015625 0.28984375 0.115625 0.3015625
1 0.865625 0.26875 0.10078125 0.5375
1 0.21953125 0.3015625 0.0796875 0.228125
1 0.4046875 0.371875 0.07734375 0.040625
1 0.7984375 0.50390625 0.05078125 0.05859375
1 0.2546875 0.29375 0.08828125 0.2234375
1 0.0390625 0.29375 0.078125 0.315625
1 0.6203125 0.35859375 0.03984375 0.0609375
1 0.2890625 0.31796875 0.0609375 0.16640625
1 0.490625 0.3671875 0.00703125 0.009375
1 0.7203125 0.24765625 0.05859375 0.4234375
1 0.590625 0.359375 0.0265625 0.040625
1 0.9734375 0.5296875 0.05234375 0.140625