1 0.5515625 0.38828125 0.0421875 0.0234375
1 0.375 0.37734375 0.0296875 0.034375
1 0.3171875 0.3796875 0.02265625 0.0484375
1 0.23984375 0.3921875 0.025 0.04609375
1 0.284375 0.39140625 0.0421875 0.03046875
1 0.61484375 0.36640625 0.021875 0.08359375
1 0.7921875 0.40390625 0.09140625 0.11953125
1 0.190625 0.365625 0.08671875 0.10859375
1 0.1171875 0.403125 0.04921875 0.05859375
1 0.92109375 0.42890625 0.1359375 0.14453125
1 0.646875 0.371875 0.04296875 0.090625
1 0.34375 0.378125 0.03046875 0.0484375