1 0.6578125 0.37109375 0.07109375 0.1390625
1 0.56875 0.3953125 0.00703125 0.009375
1 0.4171875 0.36875 0.0296875 0.03203125
1 0.43125 0.3921875 0.00703125 0.00703125
1 0.58125 0.39375 0.01328125 0.0265625
1 0.56015625 0.33046875 0.009375 0.125
1 0.375 0.334375 0.02890625 0.1265625
1 0.22265625 0.35078125 0.0375 0.1515625
1 0.51484375 0.37109375 0.015625 0.00859375
1 0.31640625 0.321875 0.05 0.16953125
1 0.24921875 0.3265625 0.0421875 0.1890625
1 0.17265625 0.34296875 0.059375 0.175
1 0.45859375 0.378125 0.0359375 0.01953125