1 0.11640625 0.3328125 0.021875 0.159375
1 0.009375 0.346875 0.01640625 0.14609375
1 0.0234375 0.36484375 0.02109375 0.1125
1 0.9640625 0.3578125 0.0171875 0.015625
1 0.5875 0.365625 0.01953125 0.01640625
1 0.225 0.3359375 0.02890625 0.1140625
1 0.1953125 0.378125 0.0234375 0.03203125
1 0.1640625 0.309375 0.01640625 0.19609375
1 0.259375 0.3859375 0.046875 0.021875
1 0.0984375 0.35078125 0.01484375 0.1125
1 0.084375 0.33046875 0.02109375 0.1640625
1 0.059375 0.34140625 0.01796875 0.146875
1 0.04375 0.33515625 0.0265625 0.16796875
1 0.14140625 0.321875 0.01875 0.16953125