1 0.68984375 0.34140625 0.025 0.08359375
1 0.3875 0.36328125 0.04296875 0.04609375
1 0.89765625 0.359375 0.1109375 0.14140625
1 0.4765625 0.35859375 0.01328125 0.01640625
1 0.44296875 0.3578125 0.021875 0.04296875
1 0.95625 0.43828125 0.08359375 0.115625
1 0.253125 0.390625 0.09296875 0.05546875
1 0.7609375 0.36875 0.04296875 0.04609375
1 0.5 0.35234375 0.02109375 0.0265625
1 0.06328125 0.3484375 0.1140625 0.25
1 0.815625 0.36953125 0.04921875 0.08046875
1 0.671875 0.36328125 0.015625 0.02109375