1 0.3234375 0.3359375 0.03359375 0.1390625
1 0.509375 0.3171875 0.02109375 0.2015625
1 0.5859375 0.28359375 0.03359375 0.271875
1 0.46328125 0.3171875 0.0140625 0.1984375
1 0.4203125 0.32578125 0.02578125 0.17109375
1 0.55625 0.29296875 0.02265625 0.2640625
1 0.4859375 0.31640625 0.01953125 0.20546875
1 0.35234375 0.3421875 0.01875 0.1234375
1 0.4421875 0.33203125 0.01953125 0.16640625
1 0.5328125 0.3125 0.0171875 0.221875
1 0.1359375 0.29296875 0.0703125 0.278125
1 0.384375 0.33828125 0.03984375 0.14609375
1 0.225 0.31484375 0.05859375 0.184375
1 0.64140625 0.3140625 0.0390625 0.225
1 0.65390625 0.42109375 0.08125 0.04140625
1 0.7234375 0.403125 0.04375 0.0390625
1 0.2859375 0.346875 0.03515625 0.11640625