1 0.05234375 0.315625 0.0921875 0.63125
1 0.81015625 0.4453125 0.0453125 0.0625
1 0.1375 0.309375 0.06796875 0.25703125
1 0.2015625 0.296875 0.05703125 0.24140625
1 0.2546875 0.309375 0.04453125 0.1984375
1 0.57109375 0.35546875 0.0328125 0.05859375
1 0.365625 0.346875 0.02734375 0.05
1 0.696875 0.403125 0.02265625 0.053125
1 0.5875 0.25234375 0.0234375 0.284375
1 0.6140625 0.35859375 0.04296875 0.08046875
1 0.5453125 0.359375 0.01640625 0.02890625
1 0.8671875 0.43984375 0.09296875 0.10703125
1 0.75 0.23203125 0.06875 0.4359375