1 0.82578125 0.4296875 0.1828125 0.23203125
1 0.59921875 0.359375 0.0328125 0.13046875
1 0.36484375 0.38671875 0.0109375 0.015625
1 0.684375 0.3484375 0.08515625 0.23046875
1 0.4109375 0.3734375 0.02421875 0.03359375
1 0.62890625 0.403125 0.025 0.065625
1 0.1796875 0.37109375 0.06171875 0.10546875
1 0.95859375 0.44921875 0.08125 0.4375
1 0.3703125 0.4375 0.03671875 0.053125
1 0.4265625 0.3796875 0.0109375 0.02109375
1 0.5625 0.38515625 0.02578125 0.040625
1 0.3953125 0.39453125 0.0078125 0.00859375