0 0.11875 0.390625 0.009375 0.04609375
0 0.31328125 0.36953125 0.003125 0.01640625
1 0.39453125 0.36953125 0.00625 0.00859375
1 0.5015625 0.36640625 0.01328125 0.01640625
1 0.6359375 0.35390625 0.01484375 0.0109375
0 0.6 0.35078125 0.00703125 0.02109375
1 0.55 0.3609375 0.009375 0.00859375
1 0.5515625 0.36640625 0.00546875 0.021875
0 0.784375 0.37265625 0.01328125 0.04609375
1 0.228125 0.40234375 0.01875 0.01796875
1 0.421875 0.36328125 0.01015625 0.0125
1 0.50078125 0.37109375 0.0078125 0.025
1 0.42265625 0.3609375 0.00625 0.0140625
0 0.5875 0.35859375 0.00546875 0.025