1 0.3625 0.37421875 0.02421875 0.0265625
1 0.44375 0.3328125 0.015625 0.0765625
1 0.49609375 0.36328125 0.0625 0.040625
1 0.4984375 0.36015625 0.04453125 0.0234375
1 0.340625 0.37734375 0.0328125 0.02890625
1 0.4078125 0.36171875 0.02578125 0.02890625
1 0.384375 0.36171875 0.0265625 0.0375
1 0.653125 0.35078125 0.04921875 0.0625
1 0.3125 0.3796875 0.01875 0.03203125
1 0.95546875 0.39765625 0.075 0.16796875
1 0.09921875 0.40546875 0.084375 0.0890625
1 0.18125 0.40390625 0.0515625 0.046875
1 0.7046875 0.3625 0.04453125 0.05859375
1 0.23984375 0.390625 0.034375 0.0390625
1 0.284375 0.38046875 0.03984375 0.05