1 0.2078125 0.3640625 0.02421875 0.0359375
1 0.23125 0.35703125 0.025 0.0390625
1 0.309375 0.365625 0.04453125 0.028125
1 0.3796875 0.33828125 0.01875 0.0734375
1 0.3625 0.32734375 0.03046875 0.07109375
1 0.97265625 0.48203125 0.0546875 0.1421875
1 0.78125 0.34375 0.23125 0.30703125
1 0.4421875 0.371875 0.03046875 0.0359375
1 0.0953125 0.38125 0.03125 0.04296875
1 0.2515625 0.33359375 0.01640625 0.06953125
1 0.50625 0.37734375 0.04609375 0.0625
1 0.1453125 0.37734375 0.0203125 0.03203125
1 0.015625 0.3890625 0.03125 0.071875
1 0.171875 0.3734375 0.02890625 0.03359375