1 0.71640625 0.2671875 0.034375 0.259375
1 0.3765625 0.38046875 0.02421875 0.028125
1 0.75546875 0.29453125 0.0421875 0.246875
1 0.809375 0.27890625 0.04921875 0.31953125
1 0.53359375 0.40078125 0.01875 0.02890625
1 0.5359375 0.36875 0.01953125 0.01796875
1 0.94375 0.43359375 0.11015625 0.096875
1 0.3375 0.31328125 0.02109375 0.17890625
1 0.425 0.37265625 0.025 0.02109375
1 0.146875 0.4140625 0.0890625 0.0859375
1 0.3109375 0.39296875 0.03515625 0.0390625
1 0.246875 0.290625 0.10078125 0.29453125
1 0.4953125 0.359375 0.00859375 0.01796875