1 0.39765625 0.3671875 0.0234375 0.04609375
1 0.46953125 0.3765625 0.06875 0.05546875
1 0.0609375 0.340625 0.121875 0.209375
1 0.84765625 0.515625 0.1140625 0.15703125
1 0.1015625 0.296875 0.10234375 0.29453125
1 0.2453125 0.30390625 0.09453125 0.24140625
1 0.56328125 0.37734375 0.015625 0.04296875
1 0.171875 0.33828125 0.06015625 0.184375
1 0.4265625 0.37265625 0.01484375 0.0265625
1 0.0515625 0.42265625 0.103125 0.0796875
1 0.9265625 0.5875 0.0765625 0.15
1 0.740625 0.46640625 0.05546875 0.0859375
1 0.78046875 0.50234375 0.0390625 0.07109375
1 0.590625 0.37421875 0.03984375 0.07109375