1 0.6453125 0.3140625 0.03671875 0.14453125
1 0.4453125 0.36484375 0.0109375 0.01796875
1 0.59296875 0.31640625 0.025 0.08359375
1 0.60234375 0.309375 0.0234375 0.134375
1 0.4 0.29453125 0.02890625 0.175
1 0.95 0.39375 0.1 0.14609375
1 0.3203125 0.36484375 0.07578125 0.07890625
1 0.4328125 0.3671875 0.01015625 0.015625
1 0.05625 0.39375 0.1125 0.15
1 0.1828125 0.37734375 0.11328125 0.10390625
1 0.71875 0.36328125 0.10859375 0.065625
1 0.7984375 0.36484375 0.07265625 0.07890625
1 0.4140625 0.3609375 0.01875 0.04140625