1 0.06953125 0.8171875 0.09375 0.1015625
1 0.15859375 0.821875 0.0796875 0.1046875
1 0.12734375 0.871875 0.040625 0.04375
1 0.29921875 0.84140625 0.090625 0.0546875
1 0.4140625 0.84140625 0.125 0.065625
1 0.640625 0.79765625 0.2953125 0.1953125
1 0.82578125 0.84453125 0.046875 0.0625
1 0.8640625 0.83671875 0.078125 0.090625
1 0.9203125 0.84765625 0.0625 0.0734375
1 0.28671875 0.89453125 0.0625 0.0703125
0 0.2484375 0.92734375 0.0296875 0.03125
0 0.91953125 0.9078125 0.025 0.0265625
0 0.8421875 0.9234375 0.025 0.021875