1 0.10546875 0.471875 0.2109375 0.184375
1 0.2078125 0.521875 0.0328125 0.0375
1 0.259375 0.53046875 0.05625 0.0203125
1 0.3203125 0.5234375 0.05625 0.0328125
1 0.37265625 0.53125 0.040625 0.0203125
1 0.41875 0.5203125 0.05625 0.034375
1 0.48046875 0.521875 0.075 0.028125
1 0.53828125 0.5234375 0.0265625 0.0375
1 0.58828125 0.51640625 0.065625 0.04375
1 0.68515625 0.5203125 0.0734375 0.034375
1 0.83125 0.53046875 0.03125 0.0359375
1 0.9375 0.5234375 0.021875 0.0328125
1 0.9859375 0.5203125 0.0265625 0.04375